timestamp,ta1,ta2,ta3,ta4,ta5,ta6,ta7
1581147197.994562329,-0.01286,51.6046,-2.11854,-23.07,1.3188,0.914146,-0.351107
1581147198.001299234,-0.113168,51.1905,-2.15886,-23.0606,1.30295,0.868422,-0.361787
1581147198.008696799,-0.118312,50.6812,-2.09972,-23.0472,1.35402,0.875097,-0.341762
1581147198.048474589,0.108024,48.6236,-2.04192,-22.7057,1.28975,0.808347,-0.297706
1581147198.054616150,0.213476,48.6159,-1.97739,-22.9423,1.28623,0.873094,-0.325074
1581147198.061225122,0.306068,48.9117,-1.90077,-22.859,1.31176,0.876766,-0.31139
1581147198.067449787,0.370368,48.7317,-1.89136,-22.7581,1.29415,0.883107,-0.328078
1581147198.074364006,0.331788,48.6442,-1.9626,-22.6923,1.32761,0.891117,-0.310723
1581147198.080758779,0.316356,48.8628,-1.94782,-22.7205,1.32673,0.913478,-0.31673
1581147198.087354331,0.234052,48.6699,-1.98142,-22.9168,1.34081,0.945852,-0.300377
1581147198.093610901,0.162036,48.8937,-1.9989,-23.3012,1.33553,0.952527,-0.299375
1581147198.100073032,0.048868,48.8294,-2.04998,-23.1198,1.33113,0.924158,-0.289029
1581147198.108490950,0.028292,48.3536,-2.07552,-22.8401,1.31352,0.919152,-0.289029
1581147198.115203834,0.046296,48.7265,-2.0446,-22.9974,1.33025,0.93584,-0.284356
1581147198.155868787,0.131172,49.5701,-2.07418,-23.2649,1.29855,0.939845,-0.301378
1581147198.162286345,0.1286,49.5238,-2.13064,-23.2259,1.30119,0.930833,-0.29804
1581147198.168511364,0.14146,49.1663,-2.11047,-23.0566,1.2651,0.913145,-0.292033
1581147198.175095376,0.187756,49.0506,-2.02041,-22.9759,1.30207,0.926495,-0.273676
1581147198.181413924,0.241768,49.0094,-1.95992,-22.984,1.28007,0.937842,-0.293368
1581147198.187585482,0.298352,49.2049,-1.95185,-22.9195,1.33113,0.932502,-0.272675
1581147198.194533595,0.290636,48.85,-1.98815,-22.742,1.29151,0.931501,-0.304048
1581147198.201067090,0.313784,48.4127,-1.99352,-22.8496,1.30031,0.942515,-0.28736
1581147198.208533628,0.33436,48.5028,-1.93706,-22.6466,1.25189,0.92783,-0.313393
1581147198.215197608,0.262344,48.5028,-1.92497,-22.6829,1.29239,0.933503,-0.296705
1581147198.222237454,0.136316,48.796,-2.04057,-23.0848,1.28359,0.955865,-0.309388
1581147198.268495027,0.24434,48.7034,-2.02713,-23.074,1.3188,0.904467,-0.296371
1581147198.274910808,0.221192,48.4693,-1.9747,-22.7272,1.3232,0.896791,-0.285024
1581147198.281210690,0.267488,48.5285,-2.03116,-22.6936,1.29151,0.892118,-0.320735
1581147198.287593353,0.239196,48.2764,-2.04864,-22.7393,1.29327,0.916816,-0.307052
1581147198.293684303,0.275204,48.1298,-1.98949,-22.8482,1.31616,0.917483,-0.323405
1581147198.300556384,0.390944,48.0964,-1.91287,-22.7783,1.32232,0.918151,-0.310389
1581147198.307675522,0.37294,48.3536,-1.93572,-22.9826,1.32849,0.929165,-0.308387
1581147198.314502590,0.465532,48.6725,-1.90346,-22.9168,1.33993,0.94385,-0.29003
1581147198.321317177,0.570984,48.6545,-1.88329,-22.8751,1.32584,0.950525,-0.281019
1581147198.327653679,0.550408,48.3947,-1.87388,-22.9181,1.32232,0.928831,-0.290698
1581147198.334497177,0.516972,48.4719,-1.8712,-23.0176,1.33641,0.914813,-0.279684
1581147198.374369023,0.311212,48.2893,-1.94916,-22.9289,1.34697,0.901797,-0.296705
1581147198.381195989,0.313784,48.1941,-1.96933,-22.902,1.34785,0.903132,-0.285691
1581147198.387381655,0.465532,48.1967,-1.93169,-23.0754,1.34257,0.92516,-0.29003
1581147198.393658008,0.54012,48.3073,-1.84969,-23.0364,1.34521,0.910141,-0.279684
1581147198.400295088,0.506684,48.459,-1.87388,-22.781,1.34785,0.90113,-0.280018
1581147198.407689290,0.473248,48.5953,-1.92497,-22.7111,1.32144,0.904801,-0.277681
1581147198.414262994,0.344648,48.2893,-2.02847,-22.7635,1.29591,0.929498,-0.291365
1581147198.420546095,0.285492,48.0244,-2.02713,-22.8321,1.31264,0.932502,-0.297039
1581147198.427249519,0.288064,48.0475,-2.01234,-22.6103,1.28887,0.890449,-0.296705
1581147198.433619292,0.272632,48.0964,-2.01503,-22.9074,1.27654,0.924492,-0.311057
1581147198.439709838,0.23148,48.0064,-2.00159,-22.8684,1.31088,0.91181,-0.310055
1581147198.516650351,0.524688,47.5768,-1.8927,-22.8872,1.30824,0.898459,-0.31406
1581147198.523216783,0.545264,47.6154,-1.8591,-22.9235,1.30207,0.921155,-0.308053
1581147198.529504662,0.547836,47.8649,-1.82684,-22.6815,1.28623,0.900796,-0.323739
1581147198.536319560,0.47582,47.7183,-1.89405,-22.8522,1.31704,0.897792,-0.311724
1581147198.542606734,0.426952,47.6488,-1.96126,-22.9705,1.30736,0.906136,-0.306718
1581147198.549307541,0.36008,47.4739,-1.96798,-22.9302,1.33113,0.888113,-0.301044
1581147198.555402341,0.336932,47.7363,-2.00024,-22.8254,1.3056,0.909807,-0.297373
1581147198.561662375,0.339504,47.7852,-1.95319,-22.7071,1.32761,0.884108,-0.293034
1581147198.568304333,0.403804,47.8135,-1.92631,-22.8428,1.33817,0.891451,-0.294369
1581147198.574700092,0.419236,47.654,-1.90615,-22.8227,1.33201,0.873762,-0.29804
1581147198.581276814,0.432096,47.528,-1.92765,-22.66,1.33465,0.870424,-0.309722
1581147198.587543833,0.457816,47.5485,-1.91018,-22.9342,1.32584,0.906803,-0.312725
1581147198.628849577,0.342076,47.5743,-1.94916,-22.6237,1.34345,0.890449,-0.30071
1581147198.635389835,0.403804,47.3865,-1.88464,-22.6157,1.35666,0.883774,-0.297039
1581147198.641489550,0.396088,47.0341,-1.92765,-22.7407,1.37427,0.906136,-0.274678
1581147198.648293666,0.388372,47.2168,-1.94513,-22.8106,1.37074,0.911476,-0.276013
1581147198.654528890,0.298352,47.2759,-1.93975,-22.7393,1.37074,0.91181,-0.273343
1581147198.661224804,0.195472,47.1473,-1.98949,-22.6654,1.35666,0.917817,-0.272341
1581147198.667385729,0.187756,47.0984,-2.03116,-22.9638,1.34873,0.927162,-0.281686
1581147198.673726456,0.236624,47.3916,-2.03654,-23.0149,1.36194,0.926828,-0.283021
1581147198.680333266,0.300924,47.2708,-1.99352,-22.5861,1.33377,0.905802,-0.292033
1581147198.686646828,0.393516,47.3685,-1.91959,-22.57,1.32056,0.899127,-0.300377
1581147198.693558454,0.545264,47.3479,-1.82549,-22.9369,1.32144,0.923491,-0.299375
1581147198.733238874,0.41152,46.8284,-1.94244,-22.6815,1.33465,0.888781,-0.273343
1581147198.739511471,0.29578,46.9235,-1.9868,-22.816,1.30648,0.888447,-0.282688
1581147198.746364689,0.252056,47.1962,-1.97739,-22.8173,1.31352,0.891784,-0.274678
1581147198.752640396,0.234052,47.3916,-2.00024,-22.8334,1.31704,0.903132,-0.29003
1581147198.759209941,0.288064,46.8721,-1.97201,-22.8173,1.31264,0.901463,-0.29804
1581147198.765621207,0.439812,46.5892,-1.88195,-22.8012,1.31528,0.886778,-0.301378
1581147198.771631325,0.537548,46.7178,-1.82011,-22.5108,1.30207,0.846728,-0.314394
1581147198.778254418,0.52726,46.9981,-1.80802,-22.6694,1.30736,0.877767,-0.318065
1581147198.784509319,0.4501,47.3119,-1.88061,-22.8953,1.33377,0.922823,-0.314394
1581147198.790700431,0.352364,47.1807,-1.91824,-22.7971,1.31264,0.883774,-0.322404
1581147198.797634257,0.20576,46.7795,-2.01369,-22.699,1.3056,0.866753,-0.314728
1581147198.837495861,0.447528,46.53,-1.89539,-22.4342,1.30824,0.875764,-0.27668
1581147198.843811684,0.465532,46.7667,-1.85372,-22.453,1.31088,0.871092,-0.285358
1581147198.850459385,0.383228,46.5815,-1.89539,-22.7514,1.33025,0.903132,-0.288695
1581147198.856594395,0.318928,46.6226,-1.95992,-22.8415,1.32584,0.899127,-0.30071
1581147198.863520190,0.285492,46.3628,-1.99352,-22.8684,1.31088,0.919486,-0.301044
1581147198.869525325,0.33436,46.4169,-1.95588,-22.6909,1.3232,0.903466,-0.305049
1581147198.876395527,0.390944,46.3037,-1.86582,-22.4543,1.32849,0.897792,-0.301712
1581147198.882489026,0.429524,46.3191,-1.85372,-22.6304,1.34873,0.903132,-0.307719
1581147198.889385665,0.48868,46.4657,-1.87388,-23.0162,1.34257,0.9038,-0.304382
1581147198.895696634,0.547836,46.5918,-1.86179,-22.8926,1.33729,0.929165,-0.302379
1581147198.935706807,0.547836,46.8155,-1.86447,-22.8751,1.3505,0.912811,-0.306384
1581147198.942446579,0.498968,46.7409,-1.84969,-22.7353,1.35402,0.905135,-0.313727
1581147198.948666197,0.311212,46.188,-1.91959,-22.5202,1.34609,0.882106,-0.305717
1581147198.955081825,0.241768,46.0568,-1.99352,-22.7313,1.3505,0.904133,-0.30872
1581147198.961462769,0.254628,46.1802,-1.98411,-22.8912,1.37074,0.921488,-0.30605
1581147198.967626634,0.30864,46.2908,-1.93169,-22.8818,1.37162,0.939177,-0.310055
1581147198.974328044,0.352364,46.2651,-1.89405,-22.8845,1.38131,0.936507,-0.30872
1581147198.980621337,0.444956,46.0465,-1.84162,-22.738,1.3593,0.919486,-0.307385
1581147198.987301707,0.452672,45.9745,-1.83356,-22.6197,1.37515,0.904133,-0.292033
1581147198.993597483,0.444956,46.0645,-1.87388,-22.6923,1.35578,0.929165,-0.292033
1581147198.999695723,0.378084,46.3397,-1.90615,-22.738,1.39011,0.913478,-0.287694
1581147199.040450101,0.455244,46.4091,-1.84834,-23.2286,1.35754,0.942515,-0.290698
1581147199.046580216,0.43724,46.332,-1.8591,-22.8926,1.34433,0.913145,-0.292033
1581147199.053253842,0.434668,46.0233,-1.85372,-22.7971,1.33377,0.937175,-0.300043
1581147199.059397398,0.452672,46.0722,-1.85506,-22.5525,1.32496,0.921155,-0.302713
1581147199.065603360,0.442384,46.242,-1.83759,-22.6533,1.32673,0.941847,-0.304382
1581147199.072299482,0.42438,46.0516,-1.8591,-22.9262,1.31792,0.971885,-0.303714
1581147199.078756792,0.43724,45.8279,-1.84431,-22.7823,1.30912,0.944851,-0.303047
1581147199.084760003,0.43724,45.5244,-1.83759,-22.5283,1.29591,0.922823,-0.295036
1581147199.091460410,0.519544,45.7044,-1.78651,-22.6761,1.32408,0.949524,-0.300043
1581147199.097608185,0.545264,45.8536,-1.77307,-22.777,1.33817,0.970884,-0.289696
1581147199.104356694,0.550408,45.905,-1.77441,-22.7245,1.33641,0.936841,-0.288361
1581147199.111483458,0.550408,45.8793,-1.8107,-23.1587,1.33553,0.960204,-0.285358
1581147199.151497493,0.316356,46.0439,-1.93169,-22.8603,1.32761,0.91982,-0.302713
1581147199.157637658,0.349792,45.8099,-1.88329,-22.7501,1.33113,0.939177,-0.309722
1581147199.164428330,0.41152,45.8665,-1.80802,-22.6842,1.34609,0.938176,-0.312392
1581147199.170613257,0.421808,45.7353,-1.81474,-22.7138,1.35754,0.939511,-0.304715
1581147199.177245804,0.393516,45.4472,-1.87657,-22.699,1.32849,0.953862,-0.312392
1581147199.183565270,0.329216,45.4601,-1.91152,-22.8885,1.32673,0.984567,-0.302045
1581147199.189809433,0.34722,45.4781,-1.85775,-23.0041,1.34785,0.993245,-0.289363
1581147199.196614625,0.300924,45.6555,-1.88195,-22.9625,1.36986,0.979895,-0.28736
1581147199.202751390,0.228908,45.5501,-1.96664,-22.8711,1.36634,0.983566,-0.282354
1581147199.210472712,0.228908,45.5269,-1.98815,-22.8617,1.3637,0.980896,-0.274678
1581147199.216803952,0.388372,45.6144,-1.85238,-22.8106,1.36546,1.00393,-0.276346
1581147199.256580709,0.496396,45.6041,-1.77575,-22.8375,1.36546,0.998251,-0.275679
1581147199.270535627,0.306068,45.7353,-1.94513,-23.1292,1.3505,0.99191,-0.306384
1581147199.276536963,0.380656,45.3418,-1.85372,-23.0203,1.36018,1.0076,-0.308387
1581147199.283223999,0.483536,45.4755,-1.78516,-22.5592,1.34961,0.968214,-0.31139
1581147199.289427962,0.54012,45.2389,-1.73408,-22.6372,1.34169,1.00426,-0.308387
1581147199.296383380,0.573556,45.154,-1.73408,-22.8536,1.35402,1.02729,-0.302713
1581147199.302787211,0.60442,45.0203,-1.72467,-22.8428,1.35314,1.03163,-0.302045
1581147199.310651301,0.612136,45.1257,-1.70451,-22.9316,1.36898,1.04698,-0.292033
1581147199.317394910,0.624996,45.1874,-1.68838,-22.9974,1.3725,1.04097,-0.296038
1581147199.324386301,0.56584,45.316,-1.73005,-23.0203,1.38043,1.0373,-0.295036
1581147199.331125569,0.486108,45.1566,-1.8349,-22.8791,1.3998,0.999252,-0.299042
1581147199.339211036,0.468104,44.9945,-1.82549,-22.9773,1.41124,1.02829,-0.293701
1581147199.388314589,0.396088,45.3701,-1.81205,-22.9235,1.39011,1.00159,-0.30605
1581147199.394552072,0.306068,44.8839,-1.87926,-22.8375,1.3725,1.01093,-0.296371
1581147199.401241951,0.249484,44.5753,-1.8927,-22.5632,1.39011,0.980896,-0.282354
1581147199.408466180,0.313784,44.6216,-1.83759,-22.6963,1.38483,0.98657,-0.281019
1581147199.414757844,0.344648,45.0537,-1.80802,-23.1144,1.39892,1.02028,-0.277014
1581147199.421369104,0.37294,45.2415,-1.80667,-23.2085,1.39011,1.03196,-0.274344
1581147199.427677436,0.414092,45.0691,-1.81743,-23.1171,1.38043,1.02095,-0.273676
1581147199.434213133,0.534976,44.7553,-1.75828,-22.9665,1.35666,1.02195,-0.277681
1581147199.440535065,0.583844,44.6885,-1.6588,-22.6197,1.35842,1.00092,-0.277681
1581147199.446677538,0.545264,44.8994,-1.67897,-22.6278,1.35842,1.0086,-0.272008
1581147199.453399177,0.4501,44.9868,-1.78651,-22.988,1.3637,1.01594,-0.287694
1581147199.459511049,0.365224,45.2157,-1.86985,-23.2434,1.36898,1.03997,-0.283689
1581147199.500747135,0.465532,44.8068,-1.78516,-23.0848,1.34433,1.04798,-0.293701
1581147199.505573947,0.534976,44.7939,-1.68166,-23.0055,1.33377,1.05232,-0.284023
1581147199.512432208,0.54012,44.8634,-1.65612,-22.9262,1.34345,1.06066,-0.274344
1581147199.518668824,0.493824,44.691,-1.74484,-22.9558,1.34081,1.06433,-0.27401
1581147199.526388272,0.37294,44.5933,-1.85506,-23.0512,1.36106,1.08336,-0.264331
1581147199.532800235,0.316356,44.3438,-1.84431,-22.8469,1.33993,1.07735,-0.268336
1581147199.539340350,0.306068,44.1406,-1.80936,-22.7084,1.34345,1.09037,-0.267669
1581147199.545606590,0.267488,44.0763,-1.81877,-22.7944,1.34873,1.07735,-0.269338
1581147199.552328120,0.221192,44.1998,-1.84431,-22.9558,1.3505,1.09838,-0.271006
1581147199.558762148,0.259772,44.2204,-1.86447,-22.9853,1.35314,1.07969,-0.272675
1581147199.565346009,0.344648,44.4467,-1.81474,-23.1278,1.36194,1.09037,-0.27935
1581147199.605403228,0.429524,44.8402,-1.75559,-23.1856,1.36458,1.08469,-0.286025
1581147199.612708345,0.318928,44.7271,-1.82415,-23.2327,1.37603,1.0907,-0.29003
1581147199.619304303,0.272632,44.4133,-1.84565,-23.0418,1.3725,1.09871,-0.27935
1581147199.625419163,0.34722,43.9889,-1.80936,-22.8173,1.36634,1.0887,-0.273009
1581147199.631752340,0.403804,43.7857,-1.72467,-22.6761,1.36722,1.08002,-0.263998
1581147199.638358287,0.452672,43.9272,-1.68166,-22.859,1.36898,1.08236,-0.266
1581147199.644829450,0.460388,44.0583,-1.70585,-23.2542,1.37603,1.11039,-0.264665
1581147199.651390020,0.47582,44.1535,-1.73811,-23.1601,1.37867,1.08403,-0.260994
1581147199.657672674,0.416664,43.9837,-1.77844,-23.0149,1.37603,1.07969,-0.262996
1581147199.664366322,0.444956,44.1432,-1.71661,-22.8724,1.39011,1.05332,-0.269671
1581147199.670461273,0.439812,44.1844,-1.71795,-23.0189,1.37779,1.07668,-0.265333
1581147199.709464714,0.4501,44.4158,-1.72064,-23.1735,1.3998,1.0877,-0.288028
1581147199.715847661,0.486108,44.0892,-1.72064,-23.1991,1.38923,1.09904,-0.285691
1581147199.722364061,0.581272,43.5928,-1.65612,-22.9638,1.40156,1.10438,-0.280351
1581147199.728627937,0.622424,43.5619,-1.57277,-22.9571,1.38571,1.11907,-0.282354
1581147199.735352222,0.555552,43.9837,-1.61848,-23.0458,1.39363,1.11273,-0.276013
1581147199.741696728,0.442384,44.1201,-1.7193,-23.3994,1.42004,1.1471,-0.265333
1581147199.748413431,0.357508,43.9117,-1.79323,-23.0808,1.41828,1.10672,-0.265666
1581147199.754545086,0.33436,43.6365,-1.80129,-22.8603,1.42269,1.08569,-0.261661
1581147199.761390088,0.357508,43.3588,-1.74752,-22.6936,1.3998,1.08436,-0.25532
1581147199.767520252,0.378084,43.3768,-1.6709,-22.6856,1.39539,1.07234,-0.257656
1581147199.774368950,0.419236,43.7703,-1.68838,-22.7581,1.39363,1.06834,-0.262663
1581147199.780408246,0.406376,43.8166,-1.7193,-23.0619,1.40068,1.10171,-0.266
1581147199.820712089,0.370368,43.8423,-1.76097,-22.8469,1.39892,1.04164,-0.292366
1581147199.827570520,0.39866,43.7574,-1.71257,-22.9356,1.4042,1.062,-0.295036
1581147199.833785056,0.365224,43.796,-1.7072,-23.1036,1.4042,1.07368,-0.290364
1581147199.840474078,0.293208,43.9323,-1.73946,-23.2676,1.39804,1.08636,-0.296705
1581147199.846815182,0.27006,43.724,-1.78785,-23.0512,1.38747,1.08336,-0.296371
1581147199.853352832,0.262344,43.4385,-1.80129,-22.8186,1.37867,1.07368,-0.299709
1581147199.859599495,0.316356,43.2147,-1.73274,-22.6802,1.36898,1.05632,-0.293034
1581147199.865629846,0.367796,43.0012,-1.68838,-22.5095,1.36106,1.04665,-0.279016
1581147199.872388576,0.414092,42.9421,-1.67897,-22.703,1.36194,1.06433,-0.277014
1581147199.878512561,0.434668,43.3613,-1.66821,-23.1305,1.3681,1.07735,-0.278683
1581147199.884880593,0.439812,43.5645,-1.69644,-23.1749,1.36546,1.07001,-0.274678
1581147199.924797639,0.542692,43.4462,-1.60907,-22.8939,1.3593,1.04331,-0.280685
1581147199.931382481,0.59156,43.4179,-1.57949,-22.945,1.3681,1.0373,-0.28202
1581147199.937508335,0.555552,43.3999,-1.61444,-22.9853,1.35754,1.04197,-0.284356
1581147199.944312174,0.478392,43.1221,-1.68166,-22.9275,1.35138,1.02328,-0.286693
1581147199.950470895,0.383228,42.9832,-1.72064,-23.0176,1.34433,1.03296,-0.292366
1581147199.956720217,0.329216,43.0141,-1.71795,-22.7783,1.33729,1.02228,-0.288028
1581147199.963323338,0.277776,43.0218,-1.72871,-22.742,1.33201,1.01427,-0.291031
1581147199.969761118,0.226336,43.2456,-1.79592,-22.8697,1.33817,1.02428,-0.286693
1581147199.976478627,0.277776,43.2945,-1.80398,-22.8926,1.35226,0.997584,-0.292033
1581147199.982764368,0.33436,43.2996,-1.7529,-22.9248,1.3549,1.00126,-0.281019
1581147199.989417780,0.403804,43.3382,-1.67897,-22.8039,1.35754,0.996916,-0.282354
1581147200.029651058,0.5144,43.1041,-1.57546,-22.785,1.34609,0.985902,-0.280018
1581147200.035720950,0.50154,43.2199,-1.61041,-23.1278,1.36546,1.0353,-0.275345
1581147200.042288417,0.547836,43.1581,-1.63326,-23.3926,1.39627,1.04097,-0.278015
1581147200.048590954,0.576128,42.8341,-1.601,-22.7528,1.3637,0.993913,-0.28736
1581147200.054738725,0.581272,42.6463,-1.54454,-22.242,1.35138,0.966545,-0.292033
1581147200.061501022,0.560696,42.8006,-1.53648,-22.5619,1.35666,0.999586,-0.296705
1581147200.067715823,0.480964,43.0733,-1.59428,-23.0902,1.3681,1.03296,-0.294369
1581147200.074354697,0.36008,43.2867,-1.70989,-23.2972,1.36458,1.02695,-0.30338
1581147200.080587279,0.290636,43.1324,-1.78248,-23.0257,1.35314,1.01127,-0.308053
1581147200.086739701,0.306068,43.0604,-1.72333,-22.6667,1.3725,0.994246,-0.307052
1581147200.093410680,0.33436,42.6849,-1.64133,-22.5081,1.37074,0.986236,-0.299709
1581147200.136782303,0.419236,42.6926,-1.62251,-22.8375,1.38483,1.02595,-0.27935
1581147200.143344482,0.46296,42.6103,-1.64671,-22.8146,1.38835,1.0106,-0.281353
1581147200.149620383,0.537548,42.4791,-1.57143,-22.8872,1.39363,1.03864,-0.281353
1581147200.156387142,0.550408,42.5357,-1.52303,-22.7071,1.40772,1.01828,-0.280351
1581147200.162525604,0.56584,42.6515,-1.52841,-22.8348,1.38747,1.02328,-0.280351
1581147200.169325870,0.483536,42.7363,-1.56336,-22.9719,1.39451,1.01461,-0.278015
1581147200.175549537,0.43724,42.636,-1.62385,-22.8509,1.37955,0.992244,-0.285691
1581147200.181817834,0.406376,42.3402,-1.64671,-22.8213,1.37691,0.984567,-0.288361
1581147200.188540821,0.421808,42.4277,-1.58218,-22.9356,1.39892,0.989908,-0.292033
1581147200.195225685,0.457816,42.3531,-1.52572,-22.6923,1.40596,0.97589,-0.286359
1581147200.201386741,0.483536,42.2785,-1.54185,-22.652,1.39275,0.969215,-0.290698
1581147200.241394099,0.1929,42.3994,-1.72602,-22.5108,1.39187,1.00159,-0.272008
1581147200.247570126,0.241768,42.0702,-1.67897,-22.5175,1.36722,1.01861,-0.279016
1581147200.254180284,0.27006,42.1165,-1.64536,-22.7904,1.4086,1.02962,-0.270673
1581147200.260447325,0.357508,42.4328,-1.60369,-23.0512,1.42973,1.05632,-0.272341
1581147200.266683332,0.375512,42.2142,-1.60235,-23.0095,1.41388,1.05199,-0.26867
1581147200.272711229,0.352364,41.9416,-1.60369,-23.0364,1.41916,1.04531,-0.27134
1581147200.279442722,0.414092,42.1113,-1.59428,-23.0781,1.413,1.03797,-0.272341
1581147200.285628582,0.416664,42.2477,-1.52976,-22.9611,1.39187,1.02695,-0.278015
1581147200.292328488,0.375512,42.4277,-1.56202,-22.617,1.3725,1.00826,-0.283021
1581147200.298488260,0.329216,42.2734,-1.62923,-22.5915,1.37867,1.02362,-0.283021
1581147200.304865531,0.326644,42.1396,-1.63595,-22.8133,1.40684,1.0373,-0.287694
1581147200.345474138,0.42438,41.4915,-1.53917,-22.4853,1.36458,1.07835,-0.320735
1581147200.352308173,0.486108,41.6432,-1.47733,-22.6667,1.37338,1.06901,-0.317398
1581147200.358433887,0.46296,42.0059,-1.5069,-23.1708,1.39539,1.10572,-0.310723
1581147200.364765166,0.380656,42.1731,-1.5768,-23.3832,1.42181,1.09037,-0.307052
1581147200.371326200,0.34722,42.1062,-1.62654,-23.1776,1.40596,1.07468,-0.308387
1581147200.377769961,0.3215,41.8233,-1.59697,-22.82,1.38747,1.05866,-0.297706
1581147200.384524758,0.344648,41.7873,-1.56605,-22.7205,1.35578,1.05032,-0.298708
1581147200.390643360,0.367796,42.0162,-1.57546,-22.8496,1.36634,1.06267,-0.282688
1581147200.397481861,0.339504,42.0933,-1.59562,-22.9652,1.38571,1.05499,-0.286693
1581147200.403588156,0.388372,41.9904,-1.58353,-22.9208,1.39275,1.0363,-0.281686
1581147200.410825529,0.504112,42.0007,-1.50422,-22.984,1.36194,1.04798,-0.287026
1581147200.462611263,0.529832,41.885,-1.40609,-22.7555,1.37955,1.03196,-0.281686
1581147200.468867716,0.262344,41.903,-1.6588,-23.1856,1.37779,1.10939,-0.286359
1581147200.475299517,0.29578,41.6381,-1.62923,-23.0203,1.39011,1.08703,-0.281686
1581147200.481682962,0.34722,41.5172,-1.55664,-22.7756,1.3637,1.07234,-0.290364
1581147200.487832636,0.30864,41.5301,-1.53379,-22.66,1.36282,1.06066,-0.288028
1581147200.494593410,0.241768,41.5095,-1.5768,-22.699,1.35754,1.08836,-0.285358
1581147200.500714354,0.187756,41.5198,-1.66553,-22.9598,1.35666,1.10272,-0.285691
1581147200.507515433,0.185184,41.5352,-1.67359,-23.1103,1.37603,1.10605,-0.287694
1581147200.513687979,0.2572,41.4169,-1.62117,-22.8307,1.37603,1.08703,-0.28736
1581147200.520459366,0.33436,41.2986,-1.52707,-22.863,1.38747,1.08836,-0.279684
1581147200.526820828,0.416664,41.2703,-1.45851,-23.187,1.39804,1.11874,-0.280685
1581147200.533413832,0.452672,41.6329,-1.46523,-23.1144,1.38747,1.09637,-0.282354
1581147200.573545305,0.47582,41.4195,-1.51228,-22.9033,1.38395,1.063,-0.296038
1581147200.580361985,0.414092,41.3963,-1.51363,-22.82,1.37515,1.05566,-0.297706
1581147200.586570987,0.34722,41.3706,-1.52572,-22.8603,1.38483,1.05933,-0.298708
1581147200.593304655,0.280348,41.08,-1.57412,-22.6788,1.38307,1.02028,-0.305049
1581147200.599546162,0.275204,40.8999,-1.60503,-22.7837,1.38747,1.03296,-0.313727
1581147200.607356977,0.324072,40.9848,-1.55933,-22.9195,1.41124,1.04665,-0.311057
1581147200.613740252,0.388372,41.2446,-1.47867,-22.9289,1.38747,1.04297,-0.313393
1581147200.620411001,0.414092,41.35,-1.46926,-22.9665,1.39099,1.04197,-0.315729
1581147200.626688075,0.37294,41.17,-1.50825,-22.7823,1.39099,1.0373,-0.317398
1581147200.632807025,0.303496,41.1751,-1.58756,-22.6708,1.39892,1.02762,-0.316063
1581147200.639680969,0.288064,41.1443,-1.59428,-22.7098,1.38571,1.04498,-0.310723
1581147200.678794767,0.401232,40.9822,-1.46792,-22.7595,1.39539,1.05032,-0.289029
1581147200.685456912,0.43724,40.9514,-1.43835,-22.8859,1.40244,1.04865,-0.294703
1581147200.691627006,0.34722,41.0491,-1.52707,-23.0606,1.41388,1.05132,-0.2927
1581147200.698458953,0.30864,41.08,-1.59831,-23.0942,1.39275,1.06267,-0.294703
1581147200.704784047,0.288064,40.8176,-1.56605,-22.7891,1.39804,1.0383,-0.293701
1581147200.712510649,0.324072,41.0028,-1.48943,-22.6896,1.39451,1.03964,-0.299375
1581147200.718639097,0.326644,40.9617,-1.49749,-22.8966,1.40156,1.06467,-0.296038
1581147200.725167137,0.313784,41.0182,-1.53917,-22.9638,1.40244,1.06934,-0.302045
1581147200.731360523,0.3215,40.9462,-1.55799,-22.7568,1.39627,1.05332,-0.304382
1581147200.777472914,0.7073,40.779,-1.27032,-22.941,1.40156,1.06567,-0.309722
1581147200.784308517,0.5787,40.9565,-1.32274,-22.6573,1.38219,1.03229,-0.312725
1581147200.790628222,0.365224,40.8073,-1.4854,-22.738,1.38835,1.05265,-0.301378
1581147200.797642675,0.234052,40.7893,-1.61041,-23.07,1.42181,1.06066,-0.300377
1581147200.804466784,0.2572,40.8048,-1.61041,-23.2152,1.413,1.06033,-0.2927
1581147200.811815207,0.339504,40.8048,-1.46792,-22.992,1.39011,1.05833,-0.2927
1581147200.818568637,0.316356,40.6067,-1.45851,-22.6977,1.413,1.0383,-0.288361
1581147200.825861914,0.262344,40.3264,-1.50825,-22.621,1.40244,1.0393,-0.291699
1581147200.832779239,0.054012,40.2698,-1.68166,-22.6372,1.40156,1.05599,-0.296038
1581147200.839375825,-0.01286,40.2878,-1.72467,-22.5592,1.38483,1.06467,-0.294703
1581147200.845814328,0.002572,40.1926,-1.6588,-22.7676,1.38483,1.08369,-0.30071
1581147200.885798098,0.509256,40.6864,-1.36576,-22.7702,1.40508,1.07068,-0.316397
1581147200.892864493,0.480964,40.3701,-1.43431,-22.7931,1.38571,1.06934,-0.328745
1581147200.899419828,0.439812,40.3469,-1.45851,-22.8267,1.413,1.05499,-0.329413
1581147200.905805541,0.4501,40.4858,-1.4491,-23.07,1.40068,1.07034,-0.33275
1581147200.913842428,0.455244,40.3907,-1.41953,-23.0203,1.39011,1.06133,-0.341762
1581147200.920482000,0.442384,40.3572,-1.43028,-22.9544,1.40068,1.05098,-0.345099
1581147200.927442787,0.429524,39.848,-1.437,-22.7797,1.37955,1.063,-0.352108
1581147200.933627653,0.442384,39.8583,-1.41281,-22.7649,1.38659,1.06667,-0.343764
1581147200.940452982,0.43724,39.9174,-1.41953,-22.6304,1.3505,1.06767,-0.342763
1581147200.946770593,0.421808,40.2929,-1.42356,-22.8872,1.36546,1.08202,-0.341762
1581147200.953583045,0.524688,40.473,-1.34559,-23.1426,1.38835,1.10739,-0.339092
1581147200.959741974,0.586416,40.5398,-1.31736,-23.269,1.39011,1.13242,-0.333418
1581147200.966662605,0.658432,40.2749,-1.30661,-22.9195,1.36546,1.13342,-0.325074
1581147200.973590714,0.704728,40.2466,-1.27973,-22.7407,1.39539,1.10071,-0.317064
1581147200.979843834,0.653288,40.2261,-1.28779,-22.7635,1.38571,1.1204,-0.319067
1581147200.986656617,0.532404,40.1438,-1.35366,-22.8348,1.39011,1.13576,-0.309388
1581147200.993545629,0.36008,40.136,-1.49481,-22.8079,1.39099,1.13509,-0.308053
1581147201.000394693,0.228908,39.7502,-1.57949,-22.9786,1.39804,1.13943,-0.301044
1581147201.007688278,0.246912,39.9509,-1.56336,-23.0915,1.39627,1.13008,-0.303047
1581147201.081015719,0.388372,39.8866,-1.3913,-22.6882,1.35842,1.11473,-0.321403
1581147201.087491721,0.43724,39.6705,-1.34291,-22.8832,1.38131,1.13676,-0.321737
1581147201.094378513,0.447528,39.6937,-1.41415,-22.8805,1.37691,1.1441,-0.3194
1581147201.100628197,0.442384,39.5136,-1.43163,-22.9369,1.36898,1.15244,-0.322738
1581147201.108428685,0.509256,39.5522,-1.35769,-23.0633,1.3681,1.1668,-0.32207
1581147201.114814152,0.519544,39.866,-1.30661,-23.1641,1.39804,1.15111,-0.317732
1581147201.121641738,0.444956,39.7322,-1.38995,-23.1614,1.39539,1.15345,-0.31406
1581147201.127790581,0.36008,39.6988,-1.48674,-22.9611,1.37603,1.13976,-0.321069
1581147201.134659779,0.349792,39.5059,-1.47599,-22.7944,1.36986,1.13242,-0.318065
1581147201.140831246,0.408948,39.4596,-1.40474,-22.8496,1.37779,1.12374,-0.320068
1581147201.180467437,0.65586,39.3387,-1.19369,-22.7904,1.37691,1.13242,-0.325742
1581147201.186647922,0.537548,39.3001,-1.24478,-22.6251,1.40068,1.11607,-0.32474
1581147201.193493531,0.403804,39.3722,-1.41012,-22.8119,1.40244,1.12641,-0.32741
1581147201.199781567,0.280348,39.5008,-1.51497,-23.1345,1.39011,1.14577,-0.329413
1581147201.207527217,0.300924,39.8968,-1.48674,-23.3899,1.42357,1.15478,-0.324073
1581147201.214294689,0.388372,40.0332,-1.38458,-23.5338,1.43413,1.16212,-0.319067
1581147201.220535258,0.311212,39.475,-1.41281,-23.0297,1.42093,1.12174,-0.32207
1581147201.227387570,0.14146,39.187,-1.55664,-22.5484,1.40332,1.11573,-0.322738
1581147201.233538458,0.005144,39.0301,-1.62385,-22.4745,1.39275,1.12174,-0.32207
1581147201.239768820,-0.030864,38.9092,-1.60503,-22.5995,1.39539,1.14277,-0.323739
1581147201.246531046,0.059156,39.115,-1.56874,-22.8522,1.38571,1.15778,-0.320402
1581147201.285840585,0.3858,39.4287,-1.35097,-22.9396,1.39187,1.13242,-0.311724
1581147201.292423874,0.3858,39.3516,-1.37786,-22.6089,1.39011,1.09738,-0.315395
1581147201.298646615,0.416664,39.295,-1.36576,-22.6882,1.39804,1.0887,-0.312058
1581147201.305188382,0.498968,39.2821,-1.28779,-23.1453,1.40068,1.11573,-0.310389
1581147201.312835875,0.55298,39.6885,-1.2394,-23.5459,1.43501,1.13642,-0.311057
1581147201.319423079,0.537548,39.5445,-1.28241,-23.4867,1.42533,1.15144,-0.317732
1581147201.325730463,0.532404,39.0146,-1.30527,-22.9181,1.38835,1.12541,-0.320068
1581147201.333923951,0.493824,38.6391,-1.29048,-22.4167,1.37955,1.08736,-0.322404
1581147201.338519251,0.432096,38.5234,-1.29317,-22.4611,1.37427,1.13008,-0.3194
1581147201.345401088,0.34722,38.6829,-1.35769,-22.6963,1.38747,1.13209,-0.324073
1581147201.351586328,0.198044,38.6211,-1.47867,-22.8899,1.40068,1.13709,-0.327744
1581147201.391403160,0.190328,38.6366,-1.50018,-23.1816,1.4086,1.16546,-0.331415
1581147201.397845230,0.50154,38.9015,-1.28107,-22.7313,1.413,1.08302,-0.319734
1581147201.404759465,0.498968,39.0121,-1.23671,-22.9625,1.413,1.10872,-0.312392
1581147201.412404378,0.406376,39.097,-1.29451,-23.1964,1.43237,1.10639,-0.309388
1581147201.418810604,0.318928,39.1072,-1.41415,-23.2811,1.42797,1.10972,-0.30872
1581147201.425454642,0.288064,38.5748,-1.43163,-23.1009,1.42709,1.11073,-0.30071
1581147201.431688447,0.36008,38.3408,-1.33484,-22.695,1.40948,1.10605,-0.302045
1581147201.438343719,0.396088,38.1427,-1.273,-22.5726,1.42269,1.1204,-0.294035
1581147201.444640578,0.352364,38.4359,-1.29182,-22.7985,1.42797,1.13442,-0.296038
1581147201.450761760,0.29578,38.5543,-1.37786,-22.8348,1.42445,1.13242,-0.301378
1581147201.490569962,0.275204,38.6083,-1.43028,-23.1655,1.42269,1.16379,-0.30338
1581147201.496799514,0.0925919,38.3897,-1.52169,-22.5847,1.41212,1.13709,-0.317398
1581147201.503623817,0.159464,38.1865,-1.43163,-22.777,1.41652,1.14911,-0.320402
1581147201.509738851,0.27006,38.1222,-1.32274,-22.9558,1.43501,1.14944,-0.327744
1581147201.516638905,0.3858,38.2739,-1.30123,-23.2784,1.44117,1.18048,-0.334085
1581147201.522706751,0.460388,38.1659,-1.25687,-23.2407,1.43149,1.17814,-0.33809
1581147201.529359700,0.529832,38.207,-1.21386,-22.8657,1.413,1.13509,-0.33542
1581147201.535605192,0.59156,38.3536,-1.14396,-22.988,1.41124,1.14443,-0.336088
1581147201.541839288,0.596704,38.562,-1.15337,-23.1964,1.40948,1.16479,-0.338758
1581147201.548681549,0.516972,38.5877,-1.21117,-22.9316,1.41828,1.14243,-0.341094
1581147201.555842080,0.442384,38.3485,-1.29048,-22.6116,1.39099,1.11139,-0.333752
1581147201.600653279,0.414092,37.7441,-1.23671,-22.4328,1.38131,1.09938,-0.313727
1581147201.607828924,0.4501,37.8315,-1.22058,-22.5995,1.37603,1.11907,-0.313393
1581147201.614693633,0.439812,37.9678,-1.24074,-22.9477,1.39804,1.13976,-0.313393
1581147201.621400092,0.444956,37.9987,-1.27435,-23.3537,1.41036,1.16112,-0.310723
1581147201.627561584,0.39866,38.2122,-1.2972,-23.3967,1.413,1.15845,-0.308387
1581147201.633850365,0.36008,38.171,-1.28645,-23.0539,1.4042,1.14176,-0.301378
1581147201.640489464,0.293208,38.3099,-1.32543,-22.824,1.39715,1.13142,-0.302379
1581147201.646897912,0.21862,38.0836,-1.3913,-22.7366,1.38747,1.1184,-0.307052
1581147201.653426207,0.190328,38.1607,-1.44372,-22.738,1.39715,1.11974,-0.312058
1581147201.659771611,0.306068,37.9807,-1.34559,-22.9423,1.39627,1.13943,-0.312058
1581147201.699521683,0.426952,38.1016,-1.23805,-23.0485,1.39011,1.12975,-0.313393
1581147201.713646467,0.061728,38.0296,-1.49481,-22.9732,1.3998,1.14277,-0.32207
1581147201.719863110,0.084876,37.8727,-1.48271,-23.2085,1.40948,1.16846,-0.321737
1581147201.726528193,0.228908,37.8315,-1.38323,-23.1332,1.3998,1.15845,-0.323405
1581147201.732785166,0.375512,37.8778,-1.2394,-23.2663,1.40332,1.18882,-0.3194
1581147201.738856513,0.473248,38.0501,-1.17219,-22.9773,1.40772,1.13909,-0.318399
1581147201.745739660,0.486108,37.8701,-1.18697,-22.9181,1.39011,1.18248,-0.318065
1581147201.751934869,0.43724,37.811,-1.25284,-22.8133,1.38747,1.17848,-0.319067
1581147201.758722266,0.365224,37.4534,-1.27973,-22.5659,1.38219,1.15044,-0.313393
1581147201.798409787,0.378084,37.2477,-1.26359,-22.8764,1.40332,1.16446,-0.317732
1581147201.804767170,0.46296,37.4483,-1.15471,-22.8939,1.40332,1.16479,-0.320402
1581147201.811867493,0.504112,37.6438,-1.13051,-22.9289,1.39804,1.15979,-0.327077
1581147201.818610595,0.516972,37.6515,-1.17219,-22.8348,1.39804,1.14844,-0.33275
1581147201.825654346,0.568412,37.5795,-1.15605,-22.988,1.39627,1.15879,-0.335087
1581147201.832711561,0.594132,37.6,-1.10766,-23.2219,1.39892,1.17581,-0.335087
1581147201.839770108,0.609564,37.5229,-1.10632,-23.2743,1.42357,1.18115,-0.339092
1581147201.846455842,0.483536,37.5615,-1.16546,-23.0351,1.41652,1.1738,-0.338424
1581147201.852722004,0.34722,37.3068,-1.26494,-22.8133,1.40156,1.16513,-0.342095
1581147201.858937737,0.239196,37.0496,-1.355,-22.7393,1.3998,1.1708,-0.340427
1581147201.865591578,0.24434,37.1937,-1.35366,-22.6842,1.39539,1.17214,-0.341094
1581147201.904905886,0.581272,37.2991,-1.07271,-22.9221,1.41828,1.16246,-0.337423
1581147201.912687203,0.609564,37.1937,-1.05389,-22.8119,1.42797,1.1668,-0.332083
1581147201.918868035,0.542692,37.1525,-1.13589,-22.7918,1.42621,1.16613,-0.330414
1581147201.925646762,0.480964,37.1782,-1.18697,-23.0404,1.42093,1.19249,-0.326409
1581147201.932386423,0.406376,37.3737,-1.20982,-23.1574,1.42533,1.18549,-0.318399
1581147201.938764858,0.344648,37.4252,-1.22461,-23.2501,1.44205,1.17714,-0.314728
1581147201.945409798,0.316356,37.33,-1.27973,-23.2313,1.44822,1.19016,-0.311057
1581147201.951704335,0.324072,36.7822,-1.26359,-22.8496,1.42445,1.14577,-0.317398
1581147201.957860894,0.370368,36.4529,-1.20445,-22.5095,1.41212,1.13676,-0.313727
1581147201.964458952,0.444956,36.3989,-1.13858,-22.5915,1.39892,1.15812,-0.317732
1581147201.970763757,0.470676,36.8953,-1.10632,-22.9114,1.42093,1.16379,-0.313393
1581147202.010597863,0.3858,37.0342,-1.19101,-23.0646,1.41564,1.16379,-0.318733
1581147202.017638451,0.326644,36.7667,-1.24746,-22.6546,1.40948,1.14844,-0.329747
1581147202.023818842,0.426952,36.4607,-1.16009,-22.5377,1.41652,1.14644,-0.333752
1581147202.030536108,0.547836,36.5224,-1.04179,-22.6815,1.42709,1.13309,-0.33542
1581147202.036775896,0.586416,36.6253,-1.01356,-22.9195,1.42357,1.16279,-0.340093
1581147202.043457550,0.519544,36.6458,-1.07137,-23.2757,1.45526,1.2222,-0.332417
1581147202.050372118,0.478392,36.5995,-1.15605,-23.2596,1.45262,1.24723,-0.337423
1581147202.056680643,0.432096,36.3706,-1.17219,-22.703,1.42885,1.16947,-0.33275
1581147202.062892108,0.434668,36.2009,-1.13186,-22.6963,1.43501,1.20284,-0.328078
1581147202.072555870,0.444956,36.8439,-1.11035,-23.2649,1.44117,1.19183,-0.327077
1581147202.079295009,0.403804,37.1268,-1.17756,-23.2999,1.45086,1.21052,-0.321737
1581147202.085438291,0.36008,36.903,-1.23805,-23.0257,1.44205,1.15945,-0.324407
1581147202.125531621,0.329216,36.26,-1.21655,-22.8052,1.41388,1.18315,-0.321403
1581147202.131695676,0.354936,36.0311,-1.14933,-22.6842,1.41652,1.17247,-0.321069
1581147202.138399610,0.30864,36.1314,-1.16143,-22.6614,1.41916,1.1698,-0.32207
1581147202.144706289,0.27006,35.9282,-1.21251,-22.738,1.41828,1.16446,-0.327077
1581147202.151452304,0.277776,36.116,-1.24746,-22.9786,1.42445,1.17748,-0.329413
1581147202.157590238,0.288064,36.2626,-1.2394,-23.2394,1.42709,1.19216,-0.33542
1581147202.163897756,0.259772,36.3758,-1.21789,-23.2596,1.42797,1.19083,-0.337089
1581147202.170484128,0.329216,36.4735,-1.16546,-22.9006,1.42621,1.15144,-0.339759
1581147202.176833921,0.303496,36.4401,-1.17756,-22.6748,1.40772,1.1411,-0.341762
1581147202.183468085,0.280348,36.2652,-1.20714,-22.6614,1.42093,1.12141,-0.350773
1581147202.189913876,0.2572,36.278,-1.25687,-22.8294,1.42093,1.12741,-0.356781
1581147202.196626863,0.30864,36.5121,-1.20714,-22.9611,1.41828,1.1461,-0.360118
1581147202.237546162,0.30864,35.8922,-1.16009,-22.7622,1.40772,1.14944,-0.356781
1581147202.244738676,0.290636,35.9025,-1.17891,-22.8536,1.40068,1.14911,-0.356447
1581147202.251525428,0.375512,36.0131,-1.13589,-23.105,1.41828,1.16179,-0.351774
1581147202.257694329,0.594132,36.1083,-0.959794,-23.3953,1.42181,1.21986,-0.34877
1581147202.263909377,0.702156,36.1057,-0.872418,-23.2031,1.41828,1.25824,-0.341094
1581147202.270708924,0.769028,36.2549,-0.858976,-23.2555,1.40684,1.26325,-0.339759
1581147202.276833844,0.673864,35.9102,-0.926188,-22.9719,1.40772,1.24923,-0.332083
1581147202.283689709,0.542692,35.7122,-1.00953,-22.8738,1.39715,1.2529,-0.328745
1581147202.289881291,0.42438,35.7199,-1.0754,-22.6842,1.38835,1.23355,-0.325742
1581147202.304744481,0.144032,36.0671,-1.26494,-23.1466,1.41564,1.25457,-0.325742
1581147202.312650352,0.149176,35.9257,-1.27704,-23.2999,1.39892,1.2766,-0.329079
1581147202.319492742,0.24434,35.8434,-1.20579,-23.3819,1.413,1.26759,-0.33008
1581147202.325762590,0.414092,35.7765,-1.06061,-22.9356,1.39715,1.2519,-0.332083
1581147202.335650526,0.486108,35.7379,-0.978614,-22.8146,1.39627,1.23822,-0.331415
1581147202.339229883,0.504112,36.0543,-0.979958,-23.1278,1.39892,1.25758,-0.338758
1581147202.345735855,0.41152,35.9643,-1.07137,-23.2313,1.41124,1.26492,-0.339425
1581147202.352676311,0.30864,35.7919,-1.1574,-22.9127,1.38835,1.26258,-0.339759
1581147202.359254597,0.27006,35.6993,-1.17891,-22.9235,1.39451,1.25791,-0.346768
1581147202.365816630,0.290636,35.8177,-1.13186,-23.2434,1.40068,1.26492,-0.345767
1581147202.372422906,0.316356,35.9385,-1.11035,-23.5056,1.41652,1.2756,-0.349772
1581147202.412727943,0.203188,35.7636,-1.18966,-23.1251,1.40332,1.22687,-0.358116
1581147202.418973086,0.262344,35.509,-1.19773,-23.1238,1.39187,1.2202,-0.349772
1581147202.425629818,0.380656,35.5553,-1.09556,-23.1964,1.39892,1.23121,-0.349104
1581147202.432407415,0.480964,35.545,-0.975925,-23.152,1.413,1.23588,-0.344765
1581147202.438959800,0.491252,35.7199,-0.957106,-23.0956,1.39275,1.22954,-0.347102
1581147202.445632760,0.357508,35.6273,-1.09422,-22.9988,1.4086,1.23355,-0.336088
1581147202.452458091,0.288064,35.4036,-1.17756,-22.9208,1.38747,1.23788,-0.336755
1581147202.458592741,0.28292,35.3393,-1.15605,-22.8415,1.38747,1.23421,-0.329747
1581147202.465415671,0.401232,35.1772,-1.04717,-22.9437,1.39187,1.23555,-0.337757
1581147202.471688042,0.537548,35.3547,-0.930221,-23.1332,1.39275,1.25658,-0.336088
1581147202.478474843,0.506684,35.293,-0.957106,-23.2313,1.4042,1.23254,-0.343764
1581147202.484974338,0.516972,35.3367,-0.998778,-23.4236,1.42533,1.26258,-0.34343
1581147202.491597941,0.5144,35.1927,-1.00953,-23.0552,1.40684,1.22921,-0.343764
1581147202.498458011,0.509256,35.0666,-0.963827,-22.7702,1.4042,1.20785,-0.347102
1581147202.504634736,0.493824,34.7991,-0.945008,-22.5444,1.4086,1.21319,-0.344765
1581147202.516422609,0.300924,35.1618,-1.13589,-23.0888,1.41212,1.23722,-0.352108
1581147202.522788680,0.21862,35.3264,-1.21117,-23.2851,1.40684,1.24089,-0.357448
1581147202.529407859,0.2572,35.5887,-1.17891,-23.4612,1.4174,1.24823,-0.358449
1581147202.535798851,0.352364,35.7019,-1.08615,-23.3805,1.42269,1.25758,-0.364457
1581147202.542466735,0.37294,35.401,-1.04986,-23.2085,1.42357,1.25624,-0.368796
1581147202.549360833,0.352364,35.1952,-1.09288,-22.7286,1.39275,1.2202,-0.374136
1581147202.588731572,0.306068,34.8454,-1.10766,-22.6291,1.38923,1.2262,-0.376806
1581147202.595511975,0.329216,34.6525,-1.08078,-23.0593,1.42093,1.25257,-0.368128
1581147202.601810823,0.383228,34.794,-1.05255,-22.8254,1.41564,1.22487,-0.363122
1581147202.609668949,0.396088,34.8043,-1.02297,-22.9006,1.42445,1.24556,-0.362454
1581147202.616485560,0.406376,34.8532,-1.04045,-23.1305,1.43413,1.24823,-0.360452
1581147202.622910702,0.388372,35.2209,-1.07271,-23.0781,1.42797,1.23121,-0.361453
1581147202.629628422,0.352364,35.1052,-1.07271,-22.941,1.4086,1.21953,-0.356113
1581147202.635986310,0.46296,35.2004,-0.978614,-23.0525,1.41212,1.21853,-0.357114
1581147202.642878889,0.624996,34.9792,-0.854943,-23.2918,1.43677,1.24489,-0.349772
1581147202.649467965,0.658432,34.8146,-0.857631,-23.3281,1.43853,1.25824,-0.353443
1581147202.656434129,0.697012,34.6345,-0.848222,-22.816,1.42093,1.23388,-0.348103
1581147202.662659956,0.671292,34.6268,-0.838812,-22.7756,1.40948,1.24122,-0.34877
1581147202.669429259,0.61728,34.65,-0.854943,-22.9195,1.42885,1.27927,-0.340093
1581147202.711425067,0.442384,34.8429,-0.996089,-23.3079,1.46142,1.2509,-0.347769
1581147202.717823411,0.275204,34.6088,-1.13992,-22.9463,1.45438,1.2252,-0.349104
1581147202.724452743,0.131172,34.5497,-1.25418,-22.656,1.45086,1.19683,-0.347102
1581147202.730690039,0.074588,34.6963,-1.24881,-22.8092,1.44029,1.1955,-0.355112
1581147202.737387045,0.030864,34.7683,-1.24209,-23.1802,1.44822,1.22387,-0.353777
1581147202.743672362,0.079732,34.794,-1.22596,-23.0176,1.43765,1.21052,-0.354444
1581147202.750290126,0.082304,34.3645,-1.26359,-23.0458,1.44558,1.23455,-0.362788
1581147202.756527790,0.203188,34.3953,-1.17219,-23.1251,1.44117,1.23588,-0.360118
1581147202.762811016,0.426952,34.3722,-0.962483,-23.109,1.43325,1.23889,-0.364457
1581147202.769381663,0.563268,34.3542,-0.848222,-22.9988,1.43677,1.23521,-0.358783
1581147202.775657351,0.493824,34.3259,-0.911401,-22.8079,1.43325,1.22186,-0.355779
1581147202.815743927,0.432096,34.223,-1.00281,-23.4558,1.44293,1.26058,-0.340093
1581147202.822424833,0.403804,34.295,-1.02835,-22.9867,1.42357,1.24489,-0.345433
1581147202.829480186,0.47582,33.8861,-0.940975,-22.6291,1.42181,1.23989,-0.343764
1581147202.835912896,0.504112,33.7729,-0.872418,-22.6788,1.41828,1.2726,-0.344765
1581147202.842474690,0.532404,33.9581,-0.872418,-22.7958,1.42445,1.27059,-0.34076
1581147202.849508254,0.550408,33.9735,-0.883172,-23.0055,1.4174,1.29729,-0.347436
1581147202.855811848,0.583844,34.0944,-0.892582,-23.1668,1.43325,1.29663,-0.347436
1581147202.862491892,0.632712,34.0635,-0.836123,-23.3617,1.43765,1.3023,-0.355112
1581147202.868768132,0.614708,34.2745,-0.826714,-23.4612,1.44205,1.31098,-0.355112
1581147202.874904401,0.545264,34.0301,-0.858976,-23.1211,1.43325,1.28227,-0.356113
1581147202.881679982,0.432096,33.9427,-0.973237,-22.8845,1.42533,1.25991,-0.350106
1581147202.921633422,0.46296,33.6495,-0.94904,-23.273,1.44029,1.25791,-0.361453
1581147202.927952667,0.380656,33.8526,-1.01491,-23.277,1.42269,1.25691,-0.363789
1581147202.934661004,0.316356,34.0327,-1.04583,-23.1077,1.43589,1.26258,-0.363122
1581147202.941575091,0.185184,33.8758,-1.13455,-22.8549,1.4174,1.24322,-0.362454
1581147202.947830754,0.159464,33.4926,-1.16143,-22.6775,1.42093,1.2499,-0.361453
1581147202.954606330,0.133744,33.5877,-1.16009,-22.6882,1.41124,1.24089,-0.360118
1581147202.960816172,0.195472,33.6134,-1.12245,-23.0068,1.42621,1.26559,-0.356781
1581147202.967506640,0.27006,33.8912,-1.03911,-23.1278,1.41212,1.28862,-0.363789
1581147202.973644426,0.344648,33.8089,-0.983991,-23.3053,1.40684,1.27894,-0.362788
1581147202.980448539,0.408948,33.7266,-0.963827,-23.5123,1.41652,1.28528,-0.361453
1581147202.986670347,0.41152,33.6443,-0.961139,-23.1923,1.42004,1.24556,-0.353443
1581147203.025869821,0.478392,33.6032,-0.901992,-23.1708,1.41036,1.2746,-0.354111
1581147203.031958900,0.52726,33.5877,-0.858976,-23.2461,1.40596,1.2786,-0.355446
1581147203.038760542,0.504112,33.5774,-0.861664,-23.4343,1.40332,1.29162,-0.355779
1581147203.044932063,0.46296,33.4308,-0.916778,-23.1655,1.39011,1.28461,-0.360118
1581147203.051917294,0.447528,33.1788,-0.924844,-22.7501,1.38659,1.25424,-0.363122
1581147203.058635928,0.56584,33.1479,-0.822681,-22.5794,1.38571,1.24723,-0.358449
1581147203.064867964,0.691868,33.5363,-0.707075,-22.8536,1.38835,1.25758,-0.357782
1581147203.071655298,0.653288,33.5954,-0.737993,-23.3389,1.38747,1.28561,-0.361119
1581147203.077925722,0.614708,33.5286,-0.794452,-23.3308,1.40508,1.27994,-0.361119
1581147203.084652429,0.563268,33.4051,-0.853599,-23.3994,1.41652,1.27627,-0.361119
1581147203.090797139,0.504112,33.3743,-0.86973,-23.2152,1.42004,1.27794,-0.357782
1581147203.129940309,0.432096,32.9962,-0.861664,-22.9006,1.4042,1.23955,-0.336422
1581147203.136830022,0.280348,33.0759,-0.969204,-23.0794,1.42269,1.26792,-0.33275
1581147203.142971465,0.0874479,33.1582,-1.15471,-23.1681,1.4174,1.26892,-0.333084
1581147203.149755929,-0.072016,33.1428,-1.28914,-23.2878,1.42004,1.26726,-0.334085
1581147203.155964389,-0.023148,33.0476,-1.25418,-23.0512,1.39892,1.25691,-0.334419
1581147203.162648118,0.0874479,33.0245,-1.11573,-22.7272,1.39363,1.23321,-0.333084
1581147203.169384376,0.36008,32.973,-0.893926,-22.9356,1.39627,1.27727,-0.332083
1581147203.175665554,0.496396,33.1531,-0.79714,-23.3147,1.40772,1.29863,-0.328412
1581147203.181952118,0.547836,33.3511,-0.794452,-23.3093,1.41388,1.29462,-0.334085
1581147203.188568204,0.522116,33.3177,-0.830746,-22.9625,1.40684,1.25958,-0.333752
1581147203.195437484,0.511828,33.1608,-0.825369,-22.9705,1.38571,1.25958,-0.341762
1581147203.235592735,0.55298,32.5435,-0.744714,-22.8697,1.40332,1.26492,-0.352776
1581147203.241916080,0.511828,32.3635,-0.789075,-22.9356,1.40772,1.27126,-0.350439
1581147203.248548886,0.460388,32.4689,-0.868385,-22.9141,1.40508,1.27426,-0.360786
1581147203.254965662,0.3858,32.5692,-0.910057,-23.0418,1.4086,1.28494,-0.363456
1581147203.261590313,0.349792,32.8599,-0.942319,-23.2932,1.42269,1.27927,-0.371132
1581147203.267865107,0.383228,33.0965,-0.916778,-23.5392,1.43149,1.30197,-0.372801
1581147203.273909198,0.460388,32.9653,-0.846877,-23.2152,1.42533,1.2746,-0.376138
1581147203.280693434,0.547836,32.6464,-0.783698,-22.8469,1.39892,1.25524,-0.372133
1581147203.286857093,0.619852,32.6464,-0.735305,-22.7286,1.40156,1.24289,-0.367461
1581147203.293519063,0.702156,32.667,-0.668092,-22.8039,1.41212,1.24656,-0.366126
1581147203.299702153,0.637856,32.7801,-0.685567,-23.1439,1.41828,1.2499,-0.362121
1581147203.341420667,0.573556,32.8933,-0.759501,-23.2636,1.41124,1.27293,-0.363789
1581147203.347756226,0.380656,31.9622,-0.86973,-22.7071,1.41652,1.23788,-0.339425
1581147203.354380730,0.380656,32.2349,-0.864353,-22.8603,1.42797,1.23188,-0.33542
1581147203.360759615,0.365224,32.5229,-0.856287,-23.1923,1.43853,1.25524,-0.332083
1581147203.366951282,0.311212,32.6258,-0.89527,-23.3765,1.44558,1.26025,-0.33275
1581147203.373717021,0.262344,32.7673,-0.95845,-23.4693,1.44998,1.26559,-0.338758
1581147203.379902765,0.262344,32.4098,-0.969204,-23.2233,1.44205,1.24289,-0.337089
1581147203.386560840,0.298352,32.5769,-0.9235,-23.0619,1.42004,1.24122,-0.341428
1581147203.392819729,0.277776,32.5795,-0.920811,-22.7057,1.41564,1.21552,-0.336755
1581147203.399613546,0.259772,32.6078,-0.9235,-22.8186,1.41036,1.22487,-0.343764
1581147203.405752172,0.221192,32.4612,-0.961139,-22.9181,1.42621,1.2499,-0.33809
1581147203.446604796,0.3858,31.8954,-0.836123,-22.8993,1.41476,1.25925,-0.358449
1581147203.452952942,0.370368,31.8285,-0.858976,-22.7985,1.4086,1.25557,-0.362788
1581147203.459658361,0.421808,32.1371,-0.805206,-22.988,1.42269,1.26358,-0.357448
1581147203.465838169,0.444956,32.4252,-0.778321,-23.2878,1.43589,1.2796,-0.360786
1581147203.472620732,0.434668,32.4303,-0.783698,-23.2138,1.43325,1.26759,-0.357448
1581147203.478702551,0.43724,32.1063,-0.791763,-22.9598,1.42621,1.23788,-0.355112
1581147203.485490775,0.426952,31.9622,-0.793107,-22.8832,1.40068,1.21953,-0.359117
1581147203.491688490,0.429524,31.8876,-0.775632,-23.027,1.42181,1.23154,-0.355112
1581147203.497954238,0.421808,31.8825,-0.775632,-23.1453,1.42093,1.24389,-0.353109
1581147203.504734400,0.3858,32.1063,-0.790419,-23.148,1.42973,1.2499,-0.346768
1581147203.511484288,0.300924,31.9777,-0.877795,-22.9907,1.41916,1.23588,-0.346434
1581147203.550797458,0.370368,31.7385,-0.825369,-23.351,1.43677,1.25958,-0.335754
1581147203.557447428,0.285492,31.9365,-0.888549,-23.4303,1.45614,1.27193,-0.333752
1581147203.563577725,0.236624,32.0265,-0.9235,-23.3456,1.42885,1.27293,-0.337089
1581147203.569926585,0.223764,31.7513,-0.919467,-22.8415,1.42445,1.25124,-0.33809
1581147203.576657595,0.29578,31.5713,-0.880484,-22.6143,1.40596,1.23755,-0.338758
1581147203.582909782,0.408948,31.3758,-0.768911,-22.7286,1.4086,1.23655,-0.344098
1581147203.589616409,0.5144,31.6073,-0.697666,-22.8039,1.41476,1.23421,-0.349104
1581147203.596010695,0.586416,31.8542,-0.637174,-23.1628,1.41564,1.25324,-0.353443
1581147203.602770586,0.537548,31.8876,-0.678846,-23.2985,1.42093,1.26592,-0.358783
1581147203.609794056,0.473248,31.5893,-0.731272,-23.3537,1.43325,1.26091,-0.360118
1581147203.616637564,0.362652,31.6073,-0.825369,-23.0579,1.41212,1.2499,-0.366793
1581147203.655849137,0.275204,31.4015,-0.86973,-22.6385,1.4042,1.21919,-0.368462
1581147203.662531398,0.434668,31.8413,-0.715141,-23.3926,1.42445,1.2776,-0.372801
1581147203.668538868,0.367796,31.5713,-0.790419,-23.191,1.42709,1.26225,-0.375471
1581147203.674879558,0.306068,31.2369,-0.848222,-22.9181,1.41564,1.25491,-0.370464
1581147203.681487695,0.300924,31.2241,-0.854943,-22.6197,1.40772,1.22954,-0.365792
1581147203.687754664,0.316356,31.3244,-0.81596,-22.496,1.40156,1.20317,-0.357448
1581147203.694581015,0.342076,31.4272,-0.795796,-22.8845,1.41036,1.23822,-0.360786
1581147203.700795038,0.383228,31.2704,-0.76219,-23.1493,1.41652,1.25124,-0.356781
1581147203.708562086,0.414092,31.0852,-0.758157,-23.1171,1.41564,1.25424,-0.358783
1581147203.721671473,0.480964,30.8537,-0.666748,-22.8643,1.39539,1.20217,-0.349772
1581147203.727840259,0.506684,31.3424,-0.64524,-22.906,1.40508,1.20317,-0.344765
1581147203.783990096,0.342076,30.6762,-0.817304,-22.8536,1.38835,1.24957,-0.357114
1581147203.790548945,0.37294,30.9026,-0.768911,-23.0794,1.413,1.27193,-0.355779
1581147203.796828536,0.447528,30.9823,-0.682879,-23.0176,1.40948,1.28661,-0.351441
1581147203.802946052,0.483536,30.9051,-0.666748,-22.992,1.40508,1.2736,-0.354778
1581147203.810878873,0.439812,30.738,-0.715141,-22.9504,1.39011,1.28094,-0.360452
1581147203.817531528,0.42438,30.6505,-0.735305,-22.8912,1.38571,1.2736,-0.361787
1581147203.823744054,0.478392,30.6839,-0.682879,-22.7393,1.38043,1.26425,-0.364457
1581147203.830561064,0.524688,30.5965,-0.617011,-22.6681,1.39099,1.25124,-0.358783
1581147203.837696220,0.498968,30.7431,-0.63583,-23.0404,1.39451,1.25658,-0.361453
1581147203.844535380,0.401232,30.8331,-0.744714,-23.3268,1.40596,1.28161,-0.359117
1581147203.850682790,0.36008,31.1289,-0.79714,-23.3711,1.41388,1.28294,-0.357448
1581147203.890942566,0.354936,30.5939,-0.775632,-23.1278,1.40596,1.28494,-0.337089
1581147203.896994181,0.365224,30.7611,-0.750091,-23.3335,1.41652,1.29829,-0.335754
1581147203.903829700,0.36008,30.5013,-0.736649,-23.4558,1.42181,1.32166,-0.33542
1581147203.911365323,0.367796,30.3676,-0.744714,-22.941,1.40156,1.3023,-0.33275
1581147203.917729778,0.36008,30.3393,-0.75278,-22.5525,1.36986,1.26125,-0.337757
1581147203.923900048,0.390944,30.401,-0.721862,-22.5229,1.37779,1.26692,-0.339092
1581147203.930415168,0.504112,30.4447,-0.646584,-22.9544,1.38835,1.3043,-0.336422
1581147203.936841641,0.558124,30.4499,-0.573995,-23.2044,1.4042,1.31532,-0.337089
1581147203.943532776,0.609564,30.3804,-0.54711,-23.3416,1.40156,1.31498,-0.337089
1581147203.950061222,0.583844,30.4808,-0.549798,-23.4464,1.40068,1.3063,-0.342095
1581147203.989853155,0.357508,30.3316,-0.720518,-23.027,1.40596,1.32299,-0.362788
1581147203.996005484,0.396088,30.2133,-0.692289,-23.2918,1.4042,1.34469,-0.369463
1581147204.002636977,0.414092,29.9406,-0.676158,-23.2878,1.41476,1.34669,-0.366459
1581147204.010099390,0.432096,29.6654,-0.665404,-22.9947,1.39011,1.326,-0.367127
1581147204.016842814,0.434668,29.8943,-0.647928,-23.0485,1.40068,1.33367,-0.360118
1581147204.023628628,0.401232,30.2416,-0.665404,-23.1345,1.39539,1.33534,-0.362454
1581147204.029831676,0.339504,30.3342,-0.720518,-23.0324,1.39011,1.32633,-0.360452
1581147204.036576961,0.33436,30.2827,-0.744714,-22.9262,1.40596,1.31198,-0.359117
1581147204.042724788,0.365224,30.1644,-0.713797,-23.0283,1.4042,1.30831,-0.356781
1581147204.049443708,0.465532,30.1901,-0.604912,-23.3026,1.40332,1.33167,-0.350773
1581147204.055600498,0.537548,30.5322,-0.551142,-23.3698,1.41652,1.32032,-0.347102
1581147204.061916032,0.509256,30.3059,-0.545765,-23.2663,1.42004,1.31799,-0.348103
1581147204.101839328,0.442384,30.1027,-0.634486,-23.1816,1.41916,1.31365,-0.3461
1581147204.109636362,0.226336,29.614,-0.802517,-22.988,1.4086,1.31431,-0.346434
1581147204.115735342,0.311212,29.7657,-0.69901,-22.9974,1.40156,1.30363,-0.353109
1581147204.121878395,0.408948,29.8326,-0.610289,-22.9033,1.4042,1.29429,-0.344765
1581147204.128804963,0.473248,29.7992,-0.557864,-22.9262,1.4042,1.28728,-0.349772
1581147204.135469844,0.442384,29.8789,-0.588781,-23.1641,1.42445,1.29663,-0.347436
1581147204.141770406,0.432096,29.8738,-0.637174,-23.3012,1.40596,1.29596,-0.357782
1581147204.148456948,0.43724,29.8532,-0.606257,-23.2542,1.40948,1.29829,-0.356447
1581147204.154767330,0.555552,29.8969,-0.494684,-22.9853,1.40772,1.29596,-0.357448
1581147204.160968496,0.627568,29.6088,-0.428816,-22.8953,1.40772,1.29362,-0.354444
1581147204.167682022,0.588988,29.6346,-0.462422,-22.9813,1.42885,1.29996,-0.361119
1581147204.208814662,0.331788,29.4185,-0.68019,-23.0579,1.42269,1.30697,-0.365458
1581147204.215657929,0.354936,29.3542,-0.658682,-22.7649,1.40508,1.28761,-0.364457
1581147204.221796914,0.421808,29.4005,-0.583404,-22.656,1.39715,1.25724,-0.364457
1581147204.228635369,0.483536,29.3594,-0.529634,-22.8039,1.40332,1.26425,-0.359451
1581147204.234744238,0.43724,29.3414,-0.568618,-23.1117,1.42357,1.29629,-0.353777
1581147204.241434371,0.380656,29.3928,-0.642551,-23.2219,1.42885,1.30664,-0.353443
1581147204.247618716,0.329216,29.6526,-0.672125,-23.3281,1.43589,1.30497,-0.353109
1581147204.254064038,0.288064,29.8043,-0.694977,-23.4746,1.45086,1.31632,-0.347102
1581147204.260600190,0.324072,29.6166,-0.65465,-23.3093,1.43237,1.31298,-0.349772
1581147204.266812279,0.349792,29.3774,-0.637174,-23.0055,1.41828,1.30964,-0.345433
1581147204.273658967,0.3858,29.1305,-0.62642,-22.6614,1.42004,1.2736,-0.348103
1581147204.279741918,0.426952,29.0687,-0.590126,-22.5915,1.41916,1.27059,-0.353109
1581147204.319961711,0.241768,29.3105,-0.715141,-23.1695,1.43237,1.26759,-0.368128
1581147204.327415979,0.298352,29.2513,-0.665404,-23.0754,1.42357,1.25557,-0.364457
1581147204.334283892,0.352364,29.0713,-0.619699,-22.7084,1.40332,1.22654,-0.369463
1581147204.339436428,0.41152,29.043,-0.57265,-22.695,1.4086,1.23321,-0.369129
1581147204.345754988,0.504112,29.2642,-0.494684,-23.0619,1.41652,1.24923,-0.373468
1581147204.352519452,0.558124,29.6731,-0.458389,-23.4988,1.43853,1.28361,-0.372133
1581147204.358927513,0.594132,29.4494,-0.409996,-23.238,1.43413,1.2746,-0.373134
1581147204.365492870,0.560696,29.1768,-0.451668,-22.9141,1.40508,1.2766,-0.371466
1581147204.371793688,0.491252,28.7652,-0.500061,-22.816,1.413,1.28528,-0.368796
1581147204.377888141,0.434668,28.7138,-0.565929,-22.9907,1.42181,1.30664,-0.362454
1581147204.417894237,0.455244,28.6675,-0.509471,-22.8173,1.41916,1.2766,-0.352442
1581147204.424478586,0.48868,28.8347,-0.48393,-22.9934,1.413,1.29562,-0.357782
1581147204.430820412,0.421808,28.8424,-0.545765,-23.0888,1.41828,1.28728,-0.352776
1581147204.436833926,0.303496,28.7575,-0.646584,-23.1641,1.41828,1.28094,-0.355112
1581147204.443465009,0.27006,28.9093,-0.707075,-23.2219,1.41212,1.28828,-0.349104
1581147204.449719540,0.267488,29.0662,-0.686912,-23.187,1.41476,1.28261,-0.348437
1581147204.456438541,0.336932,29.0739,-0.625076,-22.9221,1.42797,1.27493,-0.343097
1581147204.462665051,0.357508,28.8835,-0.583404,-22.9316,1.41476,1.28461,-0.351107
1581147204.468917325,0.34722,28.5003,-0.598191,-22.8845,1.41388,1.28194,-0.347769
1581147204.475472050,0.318928,28.5363,-0.629109,-22.9571,1.41036,1.28628,-0.349772
1581147204.481798871,0.388372,28.4643,-0.576683,-23.0337,1.40772,1.28895,-0.351107
1581147204.522720536,0.396088,28.5466,-0.533667,-22.6909,1.39804,1.25791,-0.362121
1581147204.529282871,0.524688,28.4257,-0.431504,-22.6869,1.38131,1.24156,-0.365792
1581147204.535573658,0.522116,28.2483,-0.432848,-22.9504,1.39451,1.25858,-0.367127
1581147204.542861979,0.4501,28.3923,-0.513503,-23.1749,1.41036,1.25758,-0.367127
1581147204.549609188,0.439812,28.5929,-0.529634,-23.312,1.41212,1.26125,-0.365458
1581147204.555838044,0.43724,28.6315,-0.536356,-23.4397,1.41036,1.26625,-0.361787
1581147204.562435651,0.439812,28.3434,-0.521569,-23.1211,1.40244,1.23221,-0.364123
1581147204.568576207,0.442384,28.2894,-0.521569,-22.9074,1.39892,1.23822,-0.362788
1581147204.574958836,0.468104,28.202,-0.506782,-22.4275,1.39187,1.2222,-0.359117
1581147204.581468005,0.48868,28.2483,-0.486618,-22.4167,1.37338,1.23488,-0.356113
1581147204.587948463,0.537548,28.2045,-0.428816,-22.9195,1.38835,1.28661,-0.344765
1581147204.627549532,0.293208,28.0425,-0.618355,-22.984,1.40684,1.29295,-0.321737
1581147204.633853980,0.380656,27.8393,-0.559208,-22.6667,1.37955,1.28361,-0.330748
1581147204.640571563,0.4501,28.0939,-0.498717,-22.7272,1.39451,1.28862,-0.328078
1581147204.647013344,0.483536,28.3897,-0.435537,-23.2394,1.41212,1.30564,-0.33008
1581147204.653739974,0.483536,28.4772,-0.453012,-23.519,1.41916,1.33033,-0.328745
1581147204.659998131,0.393516,28.256,-0.506782,-23.273,1.41036,1.30831,-0.335087
1581147204.666639554,0.388372,27.8625,-0.539044,-22.9437,1.39011,1.28828,-0.337757
1581147204.672986958,0.380656,27.8779,-0.533667,-22.9423,1.39451,1.31231,-0.342429
1581147204.679574153,0.34722,27.9988,-0.545765,-23.2112,1.40068,1.33267,-0.347436
1581147204.685877757,0.30864,28.1197,-0.595503,-23.4424,1.40156,1.3567,-0.351107
1581147204.692767123,0.288064,28.1557,-0.612978,-23.3241,1.40508,1.34902,-0.353777
1581147204.732967296,0.3858,27.613,-0.532323,-23.109,1.40068,1.36271,-0.366459
1581147204.739441050,0.434668,27.5615,-0.46511,-23.1318,1.39627,1.35537,-0.369463
1581147204.745833646,0.48868,27.8882,-0.404619,-23.3671,1.41476,1.37072,-0.363122
1581147204.752560727,0.496396,27.9345,-0.416717,-23.3617,1.42621,1.37139,-0.363122
1581147204.758703737,0.468104,27.9242,-0.454356,-23.2044,1.40772,1.36838,-0.356447
1581147204.765476159,0.483536,27.6284,-0.446291,-22.8684,1.39363,1.34535,-0.354778
1581147204.771653139,0.547836,27.541,-0.369669,-22.8912,1.39715,1.36705,-0.346768
1581147204.777921718,0.635284,27.5358,-0.297079,-23.1345,1.38659,1.37773,-0.354111
1581147204.784390384,0.56584,27.6284,-0.354882,-23.2958,1.41036,1.39141,-0.349438
1581147204.790685069,0.444956,27.5847,-0.461078,-23.3321,1.41036,1.3834,-0.349104
1581147204.796923832,0.318928,27.4098,-0.58206,-23.3335,1.40244,1.38173,-0.3461
1581147204.837986373,0.47582,27.5358,-0.403275,-23.0767,1.42004,1.34769,-0.343764
1581147204.844724110,0.455244,27.6953,-0.418062,-23.1991,1.42093,1.35069,-0.341428
1581147204.850992997,0.406376,27.5384,-0.473176,-23.2797,1.41828,1.34435,-0.346434
1581147204.857514394,0.342076,27.5358,-0.533667,-23.2676,1.4174,1.33501,-0.349438
1581147204.864056791,0.259772,27.4689,-0.579372,-23.3012,1.43325,1.34368,-0.349772
1581147204.870868589,0.246912,27.4689,-0.592814,-23.1318,1.41476,1.32867,-0.350439
1581147204.877596002,0.275204,27.3686,-0.556519,-23.109,1.41564,1.34135,-0.350106
1581147204.883746019,0.396088,27.2838,-0.459733,-22.9974,1.40596,1.33,-0.354778
1581147204.890690581,0.465532,26.9623,-0.407308,-22.7649,1.40156,1.31632,-0.353777
1581147204.897513517,0.493824,26.8105,-0.377734,-22.8576,1.39451,1.31532,-0.359117
1581147204.903739759,0.465532,27.0111,-0.399242,-22.8885,1.41476,1.29829,-0.358449
1581147204.944938992,0.684152,27.3378,-0.189539,-22.8348,1.40244,1.25724,-0.345099
1581147204.951656618,0.74588,27.204,-0.149212,-22.9867,1.40948,1.26926,-0.346434
1581147204.958499894,0.709872,27.1063,-0.211047,-23.2286,1.41124,1.28761,-0.344098
1581147204.964715785,0.663576,27.258,-0.239276,-23.2488,1.413,1.28461,-0.337757
1581147204.971422587,0.60442,27.2323,-0.27826,-22.9894,1.41652,1.2746,-0.333418
1581147204.977698533,0.524688,27.1243,-0.340095,-22.7729,1.40684,1.27093,-0.331749
1581147204.984000956,0.339504,26.7488,-0.481241,-22.859,1.43325,1.29629,-0.326409
1581147204.990734935,0.27006,26.417,-0.575339,-22.9611,1.43589,1.29562,-0.330748
1581147204.996999982,0.21862,26.633,-0.610289,-23.2138,1.43941,1.31598,-0.338424
1581147205.003600967,0.303496,26.97,-0.521569,-23.2448,1.43765,1.329,-0.33809
1581147205.011473689,0.37294,26.9751,-0.43016,-23.0337,1.42797,1.31064,-0.339092
1581147205.051710177,0.34722,27.1192,-0.446291,-23.3133,1.43765,1.3053,-0.371799
1581147205.058093485,0.331788,26.8259,-0.477209,-23.484,1.43941,1.31598,-0.377473
1581147205.064710279,0.375512,26.8337,-0.43957,-23.1816,1.42357,1.29629,-0.377473
1581147205.070881693,0.483536,26.6819,-0.33203,-22.6923,1.39892,1.26459,-0.375471
1581147205.077896264,0.573556,26.5585,-0.240621,-22.7044,1.40332,1.27727,-0.371466
1581147205.084558608,0.519544,26.4401,-0.286325,-22.7918,1.413,1.2796,-0.365792
1581147205.090846901,0.37294,26.2833,-0.446291,-22.9598,1.39539,1.29462,-0.368462
1581147205.097012396,0.326644,26.4016,-0.48393,-23.1157,1.41828,1.29362,-0.368796
1581147205.104029506,0.421808,26.6125,-0.391177,-23.2555,1.42621,1.31665,-0.367794
1581147205.111553510,0.493824,26.5585,-0.302456,-23.1964,1.42269,1.31632,-0.362121
1581147205.117992722,0.496396,26.4633,-0.310522,-23.07,1.41652,1.30263,-0.356113
1581147205.158001643,0.524688,26.4659,-0.31321,-23.23,1.41388,1.31498,-0.342763
1581147205.164736094,0.403804,26.5919,-0.43016,-23.1103,1.40772,1.28728,-0.345767
1581147205.170943756,0.406376,26.5996,-0.404619,-23.0767,1.40508,1.29129,-0.343097
1581147205.177646745,0.426952,26.4581,-0.375046,-23.1722,1.42269,1.30397,-0.339759
1581147205.183906455,0.3858,26.2935,-0.395209,-22.9894,1.41388,1.29863,-0.338758
1581147205.190608588,0.313784,26.1701,-0.473176,-23.1426,1.41916,1.30931,-0.337423
1581147205.197129143,0.267488,26.0878,-0.504094,-22.8818,1.413,1.29062,-0.341762
1581147205.203013589,0.285492,26.1186,-0.481241,-22.9517,1.41388,1.30397,-0.347102
1581147205.210740307,0.383228,25.9592,-0.392521,-23.0646,1.41388,1.31999,-0.349104
1581147205.217019237,0.432096,25.7328,-0.334718,-22.9396,1.40068,1.30864,-0.34877
1581147205.257085254,0.378084,26.0286,-0.392521,-22.7823,1.37867,1.2736,-0.352442
1581147205.263705845,0.365224,25.9592,-0.405963,-22.8563,1.39275,1.2776,-0.351441
1581147205.269911548,0.375512,26.2652,-0.396554,-23.2273,1.40244,1.3043,-0.352108
1581147205.276572848,0.42438,26.1984,-0.349505,-23.4518,1.38835,1.31131,-0.350773
1581147205.322062093,0.390944,25.6403,-0.371013,-23.0579,1.38659,1.30897,-0.342095
1581147205.328901111,0.46296,25.6711,-0.295735,-22.8146,1.38043,1.30063,-0.344098
1581147205.335554804,0.534976,25.738,-0.247342,-22.8052,1.3725,1.30864,-0.343764
1581147205.342486885,0.570984,25.5631,-0.190883,-22.9558,1.38395,1.3033,-0.345433
1581147205.348703838,0.55298,25.5297,-0.21508,-23.0162,1.37515,1.30297,-0.345767
1581147205.355539616,0.563268,25.5091,-0.216424,-22.8065,1.37515,1.28728,-0.346434
1581147205.361871680,0.455244,25.4499,-0.286325,-22.8643,1.37867,1.2756,-0.351107
1581147205.368521691,0.329216,25.7894,-0.401931,-23.2407,1.38835,1.29596,-0.357448
1581147205.375061367,0.149176,25.9026,-0.545765,-23.4867,1.40068,1.31198,-0.365124
1581147205.381739834,0.066872,25.6891,-0.627765,-23.2004,1.39011,1.29295,-0.370131
1581147205.388066718,0.146604,25.5271,-0.571306,-22.734,1.37779,1.26192,-0.372133
1581147205.427668069,0.429524,25.4911,-0.318587,-23.1171,1.39363,1.3043,-0.377473
1581147205.433894795,0.403804,25.4139,-0.337407,-22.9799,1.38395,1.29896,-0.374136
1581147205.440708664,0.388372,25.239,-0.344128,-22.902,1.38835,1.28328,-0.372467
1581147205.446869383,0.39866,25.185,-0.349505,-22.6654,1.37867,1.26459,-0.365458
1581147205.453621576,0.439812,25.2467,-0.315899,-22.7192,1.38307,1.2726,-0.363456
1581147205.459809775,0.532404,25.0796,-0.228522,-22.8227,1.38043,1.26792,-0.358116
1581147205.466182302,0.640428,25.131,-0.141146,-23.1063,1.38395,1.27393,-0.358449
1581147205.472945973,0.632712,25.3213,-0.135769,-23.3792,1.40596,1.29129,-0.359117
1581147205.479616300,0.534976,25.3368,-0.21508,-23.2609,1.4086,1.28194,-0.356447
1581147205.485972358,0.403804,25.4628,-0.365636,-23.0324,1.4086,1.26692,-0.353777
1581147205.492060805,0.316356,25.3393,-0.41134,-22.9356,1.38483,1.26058,-0.349104
1581147205.498768603,0.316356,25.4011,-0.427471,-22.8496,1.39451,1.25724,-0.346434
1581147205.538640040,0.645572,24.8661,-0.133081,-22.9235,1.39539,1.23989,-0.350773
1581147205.544946032,0.601848,24.7812,-0.159966,-22.7286,1.39363,1.23088,-0.354444
1581147205.551633294,0.599276,24.7246,-0.181474,-22.7219,1.38307,1.20952,-0.354778
1581147205.557893442,0.563268,24.9895,-0.19626,-22.9746,1.39363,1.22754,-0.354111
1581147205.564078725,0.506684,25.1593,-0.244653,-23.0673,1.41388,1.23722,-0.352776
1581147205.571734891,0.470676,25.0616,-0.284981,-22.8818,1.41124,1.21452,-0.356113
1581147205.577923413,0.460388,24.7246,-0.290358,-22.6708,1.39011,1.20184,-0.357782
1581147205.584716904,0.524688,24.8301,-0.225834,-22.8455,1.40068,1.21352,-0.360786
1581147205.590758625,0.542692,24.8609,-0.181474,-23.1708,1.41476,1.22554,-0.356113
1581147205.597554040,0.542692,25.1876,-0.194916,-23.3321,1.42709,1.2479,-0.353443
1581147205.603711132,0.468104,25.0281,-0.263473,-22.9221,1.40948,1.21552,-0.351774
1581147205.644716221,0.393516,24.5832,-0.306489,-22.7084,1.40948,1.1945,-0.337423
1581147205.650835348,0.3858,24.4906,-0.310522,-22.66,1.41124,1.18215,-0.330748
1581147205.657395642,0.365224,24.614,-0.319931,-22.7044,1.39099,1.18549,-0.334085
1581147205.663768724,0.365224,24.6423,-0.32262,-22.7756,1.4174,1.18749,-0.334085
1581147205.670488581,0.393516,24.6423,-0.289014,-22.7676,1.41036,1.17914,-0.340093
1581147205.676828145,0.434668,24.3002,-0.254063,-22.6802,1.40772,1.16179,-0.3461
1581147205.683020008,0.457816,24.3337,-0.213736,-22.742,1.41388,1.16279,-0.354111
1581147205.689672171,0.532404,24.5549,-0.153244,-22.9813,1.41564,1.17714,-0.359451
1581147205.696621695,0.52726,24.6989,-0.139802,-23.2475,1.42797,1.18715,-0.361453
1581147205.702936013,0.50154,24.7658,-0.189539,-22.9665,1.40068,1.16279,-0.373468
1581147205.710714614,0.421808,24.3234,-0.252719,-22.6022,1.40244,1.14043,-0.375804
1581147205.752039283,0.43724,24.2514,-0.227178,-22.7259,1.40068,1.11239,-0.382146
1581147205.758659399,0.442384,24.3002,-0.22449,-22.5955,1.39451,1.09971,-0.376472
1581147205.764922972,0.480964,24.2257,-0.163998,-22.3858,1.39099,1.08403,-0.374469
1581147205.771544768,0.455244,24.1768,-0.185506,-22.3213,1.37955,1.07902,-0.373802
1581147205.777926631,0.432096,24.1459,-0.207014,-22.3858,1.39627,1.07335,-0.365792
1581147205.784045062,0.434668,24.025,-0.20567,-22.6493,1.41388,1.07869,-0.360786
1581147205.790884428,0.47582,24.1511,-0.163998,-22.8939,1.43149,1.0877,-0.350439
1581147205.797792491,0.498968,24.1794,-0.14249,-22.8912,1.42004,1.07401,-0.348103
1581147205.803940174,0.46296,24.1331,-0.163998,-22.8751,1.42269,1.07335,-0.349772
1581147205.811707467,0.3858,24.272,-0.236588,-22.7729,1.43501,1.07134,-0.342095
1581147205.818061803,0.362652,24.1871,-0.255407,-22.5068,1.40068,1.04865,-0.341762
1581147205.858071162,0.36008,23.7858,-0.227178,-22.6761,1.41564,1.05466,-0.337423
1581147205.864440445,0.34722,23.6007,-0.244653,-22.5834,1.40596,1.04498,-0.341428
1581147205.870849235,0.357508,23.5801,-0.225834,-22.4355,1.3998,1.02095,-0.34076
1581147205.876939475,0.352364,23.6752,-0.229867,-22.4974,1.39451,1.01894,-0.340093
1581147205.883696235,0.344648,23.9247,-0.239276,-22.621,1.39363,1.02462,-0.340093
1581147205.890676632,0.29578,23.9402,-0.262129,-22.4705,1.39275,1.00292,-0.341094
1581147205.897095149,0.30864,23.7498,-0.252719,-22.2581,1.38043,0.984901,-0.342763
1581147205.903699837,0.388372,23.5004,-0.181474,-22.2863,1.37691,0.975222,-0.344765
1581147205.911012798,0.563268,23.6212,-0.0147867,-22.7111,1.39451,0.988906,-0.343097
1581147205.917835820,0.637856,23.8579,0.0524257,-22.906,1.39627,0.999252,-0.339092
1581147205.966208284,0.367796,20.9001,-0.141146,-22.3844,1.38307,0.97055,-0.309388
1581147205.972837491,0.252056,20.5863,-0.228522,-22.1169,1.38659,0.956866,-0.307052
1581147205.979689619,0.14146,20.4242,-0.321276,-22.0107,1.37515,0.962874,-0.304382
1581147205.985972123,0.0951639,20.6634,-0.337407,-21.8884,1.37074,0.960537,-0.293034
1581147205.992836621,0.0874479,20.9772,-0.323964,-21.9408,1.37162,0.969549,-0.288028
