timestamp,tdc,tac,pdc,pac1,pac2,pac3,pac4,pac5,pac6,pac7,pac8,pac9,pac10,pac11,pac12,pac13,pac14,pac15,pac16,pac17,pac18,pac19,pac20,pac21,pac22,ele1,ele2,ele3,ele4,ele5,ele6,ele7,ele8,ele9,ele10,ele11,ele12,ele13,ele14,ele15,ele16,ele17,ele18,ele19
1581156020.904618356,3,72,50,72,78,77,71,70,72,70,70,76,73,67,65,72,71,70,70,65,65,70,67,71,70,37,8,11,24,16,29,4,1,2,1,34,9,10,24,17,26,0,11,13,
1581156020.914680727,2,72,51,65,64,67,69,70,70,70,72,73,79,79,80,75,73,77,84,83,83,84,85,90,88,38,7,11,23,17,29,5,1,2,1,35,8,13,23,17,26,1,11,12,
1581156020.924635064,3,74,54,97,96,98,103,107,113,116,125,133,141,146,157,164,169,178,194,199,209,219,229,238,256,40,9,9,25,17,32,5,0,3,0,33,8,11,23,18,26,0,11,14,
1581156020.934646896,3,73,61,269,287,304,313,333,354,363,385,404,414,437,457,478,495,516,542,562,594,619,633,655,680,43,10,12,27,18,32,6,2,5,0,36,9,12,26,17,29,0,11,16,
1581156020.944566207,3,75,74,705,727,754,779,808,826,858,885,915,939,971,1000,1034,1056,1077,1104,1122,1150,1173,1185,1202,1217,50,11,14,31,20,37,6,0,7,0,38,7,11,28,18,31,2,14,19,
1581156020.954508273,3,77,90,1233,1248,1253,1272,1291,1314,1318,1335,1340,1350,1367,1379,1401,1403,1415,1430,1450,1473,1481,1490,1506,1518,60,12,17,36,24,45,9,0,9,4,43,6,13,31,22,35,4,16,22,
1581156020.964549013,2,77,104,1525,1540,1545,1536,1540,1542,1563,1546,1553,1553,1554,1549,1555,1556,1550,1553,1557,1561,1556,1546,1547,1546,69,14,18,40,28,51,13,2,15,6,49,6,12,32,24,38,7,16,25,
1581156020.974691427,3,77,114,1536,1537,1538,1527,1512,1510,1516,1497,1484,1478,1470,1450,1432,1425,1415,1392,1371,1351,1342,1324,1303,1286,81,15,19,47,30,55,13,5,19,9,53,5,12,35,24,38,10,18,26,
1581156020.984591427,2,77,121,1293,1280,1275,1258,1249,1228,1203,1196,1191,1187,1153,1131,1126,1113,1095,1086,1070,1035,995,982,960,925,85,12,19,44,29,53,13,6,21,12,67,4,13,37,25,38,14,18,26,
1581156020.994643665,3,75,120,888,862,848,814,788,765,729,676,644,628,598,570,533,511,485,477,433,400,365,340,317,290,85,12,16,41,29,47,12,8,18,13,82,4,13,39,25,38,14,16,23,
1581156021.004570853,3,77,114,279,248,205,180,186,145,106,65,51,41,20,1,11,36,77,81,99,105,139,138,124,138,76,6,11,33,22,35,7,8,15,13,100,10,18,41,27,38,14,15,21,
1581156021.014730167,3,80,111,176,192,179,182,202,175,176,208,227,193,163,183,232,218,232,255,263,257,256,271,286,260,68,2,10,24,18,26,4,7,12,11,109,11,19,42,28,36,14,15,20,
1581156021.024576234,3,79,110,253,294,320,300,274,284,279,271,273,274,257,230,214,219,210,206,165,148,159,152,133,142,66,1,7,23,16,22,2,7,8,10,109,11,18,41,27,34,13,14,20,
1581156021.034562674,3,82,108,162,171,157,176,195,198,208,198,217,196,197,194,212,187,162,147,111,94,115,114,67,49,63,0,7,20,15,20,0,6,10,12,104,8,16,37,24,31,15,13,20,
1581156021.044667492,2,84,111,28,12,22,13,1,4,10,16,21,45,47,38,46,59,55,49,66,69,90,112,121,124,71,2,7,24,17,21,1,5,12,10,95,6,13,33,23,28,15,14,20,
1581156021.054687789,3,86,114,123,133,131,130,144,153,151,160,158,177,186,193,170,164,186,182,161,157,174,162,153,167,77,4,10,27,18,24,3,4,14,12,90,3,11,31,21,26,15,13,20,
1581156021.064663661,3,83,115,169,142,134,133,144,159,135,132,121,115,120,116,120,134,140,118,158,183,192,193,214,246,84,7,11,29,20,25,3,4,15,11,87,2,11,29,20,24,15,13,20,
1581156021.074529043,3,86,119,251,244,259,307,303,302,319,323,281,302,309,351,372,312,319,339,336,326,346,353,333,318,85,7,11,30,20,29,3,5,16,10,86,0,10,28,20,25,15,14,21,
1581156021.084596285,3,89,121,348,362,327,334,332,354,346,319,328,325,300,290,324,340,344,318,326,317,305,283,277,290,88,7,11,32,22,30,6,5,17,13,80,0,9,26,20,24,15,15,20,
1581156021.094536657,4,90,123,274,273,282,260,255,260,270,250,249,256,252,259,270,315,298,287,318,333,352,363,387,404,86,5,12,30,23,29,6,5,18,12,84,0,10,28,20,25,16,16,22,
1581156021.104522826,3,92,129,404,398,418,439,437,447,472,469,457,439,450,447,446,464,472,456,444,440,458,460,428,435,93,8,12,33,24,32,7,6,18,14,85,0,10,28,22,26,17,16,22,
1581156021.114562906,4,95,133,490,476,436,450,470,456,451,462,485,477,462,486,501,489,468,499,499,492,476,481,485,469,95,7,14,34,25,35,9,5,21,15,78,1,8,28,20,25,17,16,23,
1581156021.124520136,4,94,138,484,500,487,467,473,473,462,458,450,461,443,454,463,485,485,499,522,499,511,533,524,538,97,7,15,36,25,35,9,6,23,14,76,3,6,25,20,25,18,17,24,
1581156021.134581619,3,95,147,576,590,573,583,607,608,611,615,630,624,631,646,651,653,685,712,722,737,776,780,791,809,98,8,15,38,26,36,11,8,23,14,89,0,12,32,24,30,17,18,24,
1581156021.144636448,4,93,153,828,830,836,868,880,879,861,871,884,880,868,865,845,848,820,814,791,774,765,761,743,721,101,8,14,38,28,39,13,11,25,17,92,0,13,35,27,32,17,19,25,
1581156021.154536963,3,93,156,708,700,695,682,682,650,652,642,637,639,614,607,601,584,573,574,561,539,544,535,512,475,98,7,12,38,27,37,16,10,25,18,95,1,13,35,28,32,18,18,27,
1581156021.164695628,3,96,158,446,434,429,434,435,424,405,401,403,411,399,398,396,393,404,386,410,407,389,377,397,401,97,5,12,37,27,37,16,10,25,19,96,1,12,36,29,33,20,19,26,
1581156021.174705759,4,98,159,361,345,374,373,360,344,355,334,311,307,339,332,291,253,266,258,218,220,227,215,201,211,99,7,14,39,28,39,16,11,27,18,99,2,15,37,29,34,19,19,28,
1581156021.184535185,4,100,157,231,203,177,190,188,164,159,171,149,137,116,133,123,93,84,83,79,21,14,18,23,61,101,7,15,40,29,40,19,10,28,17,92,0,13,35,26,31,18,19,29,
1581156021.194558724,4,101,154,72,78,79,106,122,94,109,147,171,143,162,172,175,167,152,167,169,172,170,178,161,149,101,7,14,39,27,40,16,10,27,18,88,1,12,33,24,31,18,20,27,
1581156021.204670249,4,102,152,140,146,148,120,115,128,127,128,130,140,160,157,174,191,182,177,191,185,200,197,244,240,98,8,14,39,26,38,16,11,25,17,88,0,10,32,26,31,17,19,25,
1581156021.214606083,4,101,149,208,199,201,219,212,209,227,241,217,233,256,254,254,273,283,292,279,288,308,287,281,320,98,8,14,38,26,38,18,9,22,15,96,2,13,35,27,32,16,20,26,
1581156021.224557693,3,100,146,341,310,280,281,285,278,284,289,300,270,265,261,267,268,261,256,266,252,255,266,270,237,97,7,15,37,25,38,15,9,22,15,94,1,14,35,28,32,15,20,27,
1581156021.234563661,4,102,147,229,232,235,218,207,197,191,176,169,163,151,133,101,95,82,56,37,68,70,68,55,51,91,5,13,34,25,35,15,8,22,13,91,3,14,34,26,32,15,20,24,
1581156021.244530101,4,101,146,38,28,44,77,90,94,77,77,80,82,74,86,88,106,110,91,86,90,82,84,107,111,92,6,13,34,26,35,16,10,20,13,99,6,16,36,28,35,15,20,28,
1581156021.254527135,4,102,143,110,101,121,146,156,143,144,152,148,158,159,167,169,150,164,162,155,144,143,176,164,166,93,8,14,37,26,36,15,7,21,12,92,3,15,35,27,32,12,21,26,
1581156021.264541172,4,103,145,166,139,132,128,136,130,110,82,67,65,54,51,42,29,15,11,20,9,15,0,16,60,91,7,14,34,25,35,17,7,22,12,86,1,14,32,26,32,13,20,26,
1581156021.274577449,4,105,141,56,61,67,73,96,110,137,146,145,143,148,162,152,150,166,146,146,173,207,191,162,158,90,7,14,34,26,36,18,8,20,11,89,3,15,32,26,33,13,20,25,
1581156021.284690814,3,105,141,155,132,141,153,140,108,111,119,97,64,68,82,71,70,72,73,51,51,61,87,91,67,92,8,14,34,27,37,18,7,17,12,91,6,15,35,29,34,12,21,27,
1581156021.294579033,4,107,139,86,106,98,96,117,117,106,111,132,136,134,136,176,175,177,196,195,158,174,223,241,238,89,7,12,34,25,35,16,8,19,12,86,4,13,33,27,32,11,19,25,
1581156021.304634453,4,109,134,254,275,277,272,304,331,331,328,361,389,384,381,405,419,401,404,426,420,403,419,461,477,86,7,14,33,25,34,15,6,18,9,85,4,15,32,28,30,11,20,24,
1581156021.314668471,4,110,126,476,479,499,506,518,520,534,530,532,547,568,563,543,542,531,551,568,580,571,567,571,591,83,8,12,31,23,31,13,5,14,7,88,7,15,33,28,31,9,20,24,
1581156021.324577670,3,112,120,583,576,578,599,593,598,613,635,655,661,679,654,633,649,660,659,623,609,609,605,572,582,83,7,13,31,23,30,14,4,13,7,81,7,15,31,26,31,8,18,24,
1581156021.334533316,4,111,113,578,574,535,531,566,566,555,571,597,603,605,594,616,642,647,663,683,703,707,716,730,723,78,6,12,28,24,30,13,2,13,6,78,4,13,31,24,29,6,18,24,
1581156021.344611041,4,114,104,720,735,736,742,739,724,706,700,693,694,707,715,717,705,717,716,713,732,742,742,756,776,73,8,12,25,21,27,11,2,9,4,78,7,13,29,24,28,5,17,22,
1581156021.354543854,4,117,99,784,781,798,812,812,820,832,812,807,798,809,807,782,755,736,723,709,696,688,672,648,645,72,8,10,26,20,26,9,0,6,3,75,8,14,27,23,27,4,17,20,
1581156021.364578903,4,117,90,674,686,703,710,725,734,730,727,743,764,771,761,744,752,795,808,796,776,760,727,715,721,66,7,11,23,18,24,8,1,6,1,66,6,12,23,20,23,2,16,19,
1581156021.374581497,5,118,81,713,683,653,667,667,663,674,669,674,660,649,675,687,717,738,737,761,767,792,794,773,788,66,7,11,23,17,23,6,0,5,2,67,7,12,24,20,23,2,15,18,
1581156021.384578277,4,121,76,779,749,717,722,719,711,668,655,638,644,637,632,626,630,609,619,633,676,684,682,697,699,64,8,11,22,17,23,5,0,3,0,61,7,11,21,18,21,3,14,16,
1581156021.394544998,4,121,73,710,718,727,740,739,731,715,709,673,649,634,609,603,557,545,535,547,551,544,538,538,559,60,5,10,20,15,20,3,1,2,0,57,4,10,19,17,20,2,12,17,
1581156021.404524647,5,122,64,571,579,610,629,643,635,653,674,692,678,698,694,688,661,669,681,675,656,642,641,617,615,55,7,10,18,14,18,1,1,1,0,62,7,10,21,17,20,4,11,13,
1581156021.414549539,5,123,58,618,621,626,620,608,603,610,600,614,600,605,624,625,639,661,659,658,673,668,659,662,665,54,7,9,18,12,16,0,2,1,1,54,5,8,17,15,16,3,9,12,
1581156021.424571420,5,125,54,644,641,638,618,602,588,587,579,555,553,530,515,501,481,507,487,510,483,516,518,513,512,50,3,7,16,12,14,2,2,0,1,53,5,8,16,11,14,4,8,11,
1581156021.434575050,4,127,54,517,505,491,484,485,470,459,449,430,411,384,395,377,346,322,333,313,297,301,298,262,232,50,5,8,16,12,15,4,1,2,1,52,3,6,15,11,12,6,8,9,
1581156021.444574513,5,130,58,201,197,192,164,146,122,104,81,82,83,54,19,7,25,55,69,99,134,161,196,208,211,53,6,8,18,11,16,5,1,3,2,49,1,6,12,10,10,7,6,11,
1581156021.454642361,4,130,67,233,272,310,341,357,394,421,463,469,492,534,544,549,579,630,630,627,656,665,664,656,677,58,7,9,20,12,16,4,1,5,5,48,0,4,13,8,9,9,7,11,
1581156021.464703382,4,130,77,688,687,685,709,702,702,698,703,730,711,710,714,735,761,777,810,847,834,859,894,926,922,68,9,11,25,14,22,3,0,7,6,51,0,4,14,9,10,11,8,12,
1581156021.474586817,5,129,87,941,965,1002,992,1016,1059,1054,1049,1052,1071,1081,1096,1100,1102,1090,1094,1092,1090,1091,1071,1060,1057,77,7,12,28,16,24,2,0,13,8,54,3,3,13,11,12,13,10,14,
1581156021.484625437,5,134,98,1044,1037,1058,1066,1083,1083,1098,1119,1128,1147,1151,1156,1179,1199,1201,1185,1180,1169,1149,1146,1136,1140,83,8,12,32,19,27,0,2,15,11,53,6,2,13,11,11,16,9,15,
1581156021.494591524,5,134,106,1124,1107,1098,1100,1094,1074,1056,1066,1058,1053,1070,1069,1050,1045,1053,1058,1066,1051,1040,1024,1039,1033,91,11,16,34,21,32,1,2,15,14,63,4,3,19,14,14,17,11,17,
1581156021.504578644,5,132,111,1029,1022,1018,982,965,951,929,925,913,905,899,896,890,871,859,836,811,798,790,749,740,732,92,8,14,36,21,31,1,4,19,14,65,6,4,18,13,17,19,12,18,
1581156021.514608808,4,137,117,729,713,697,712,711,689,690,713,712,719,731,726,730,738,732,731,722,729,722,720,719,746,95,10,15,36,21,32,2,5,19,16,72,5,6,22,15,19,19,12,18,
1581156021.524625684,5,139,122,733,711,695,696,697,703,709,694,707,679,671,677,685,663,646,655,673,659,633,635,651,618,97,9,14,37,21,34,3,8,20,16,80,2,8,27,19,23,20,14,20,
1581156021.534610122,5,138,127,605,650,648,595,601,607,606,609,617,611,604,597,600,620,604,592,592,625,616,625,644,644,93,8,12,34,22,32,4,6,22,16,82,1,10,29,20,25,20,15,20,
1581156021.544661771,5,139,135,651,660,672,668,667,662,661,666,681,706,702,704,692,708,723,747,732,733,756,750,765,774,94,8,12,36,21,33,5,8,23,17,90,1,10,32,22,28,20,15,23,
1581156021.554602380,5,141,141,772,775,773,751,764,773,777,767,776,762,762,773,796,800,793,792,777,763,756,748,764,764,99,8,13,38,25,35,8,8,23,18,87,1,11,30,22,26,20,15,23,
1581156021.564661571,4,143,148,770,754,751,747,749,748,749,756,743,748,734,728,748,758,748,739,750,729,731,727,732,719,101,8,16,39,25,37,10,10,27,19,87,0,8,31,25,28,22,18,23,
1581156021.574592349,5,143,154,709,709,724,718,713,719,713,699,726,719,698,706,694,699,684,683,718,715,687,688,698,689,103,8,15,40,28,39,12,10,28,20,92,0,11,36,27,31,22,18,26,
1581156021.584611467,5,143,161,670,670,689,700,695,710,721,699,669,695,727,745,717,727,753,754,738,765,786,768,747,747,101,9,14,40,29,40,13,12,30,22,92,0,11,36,27,32,24,18,26,
1581156021.594723151,6,141,165,774,757,747,752,763,754,747,759,740,727,728,723,710,700,717,702,696,700,700,688,670,649,103,8,16,40,27,39,17,15,31,22,100,0,15,40,28,37,24,20,26,
1581156021.604671494,5,139,168,646,639,628,619,623,599,577,577,568,540,518,515,512,500,500,514,510,516,510,493,494,482,101,5,13,39,27,38,18,15,30,23,109,5,17,44,31,38,23,21,28,
1581156021.614749049,5,141,170,481,478,495,490,484,492,480,489,470,456,432,421,399,379,378,349,334,339,324,314,305,292,100,6,14,40,27,38,19,15,31,22,108,3,16,41,32,38,23,20,28,
1581156021.624700813,5,139,170,276,276,280,276,277,257,249,270,265,244,236,238,221,196,173,186,164,142,154,156,162,135,100,5,15,39,27,39,19,15,31,23,107,3,17,42,29,38,24,21,29,
1581156021.634594704,5,141,170,143,141,137,126,126,125,125,116,107,118,113,87,86,71,73,68,66,79,79,59,84,68,101,7,14,40,27,40,19,17,31,22,104,2,13,40,30,36,23,21,28,
1581156021.644566178,5,141,171,82,65,66,75,76,76,78,84,82,57,63,88,84,65,62,69,64,41,52,69,60,49,105,5,16,41,29,40,20,15,31,23,100,1,13,38,30,36,23,21,28,
1581156021.654606389,5,139,171,60,65,58,44,55,66,56,62,83,95,89,84,105,112,89,97,105,94,76,101,120,104,108,8,15,44,31,43,21,14,32,22,95,3,12,35,28,34,24,21,29,
1581156021.664615737,5,140,172,114,111,93,65,75,84,79,52,47,47,54,65,88,97,84,84,96,96,99,107,148,150,108,8,15,42,31,44,20,14,33,23,90,2,11,32,27,32,24,21,27,
1581156021.674594391,6,140,175,143,156,184,174,172,190,216,205,194,202,206,206,202,223,212,204,202,227,236,216,208,214,110,9,16,45,32,45,21,15,33,23,91,1,12,34,27,33,23,22,29,
1581156021.684577145,6,140,177,229,207,205,211,220,220,203,213,204,216,232,237,257,242,245,258,272,269,285,313,304,294,111,10,17,45,32,46,22,15,34,24,90,3,12,34,28,33,23,22,30,
1581156021.694583833,6,140,181,311,333,308,295,332,368,361,377,388,381,374,387,405,408,406,409,434,430,414,423,426,421,110,7,18,45,32,46,24,16,36,24,96,1,14,37,30,35,23,23,31,
1581156021.704670522,6,138,182,436,427,392,347,342,353,376,377,347,311,307,299,296,287,281,266,250,247,265,249,217,216,109,8,17,46,32,47,26,17,36,25,97,0,14,39,32,36,22,21,31,
1581156021.714692933,5,140,184,207,223,214,201,199,194,191,199,203,195,197,194,183,189,175,168,144,123,121,136,110,89,106,7,16,44,31,45,27,18,35,24,99,0,15,40,32,39,25,23,31,
1581156021.724596758,6,139,182,95,95,73,73,79,52,55,52,45,27,8,16,33,26,25,9,4,27,15,8,9,31,105,6,16,43,33,45,26,17,34,23,104,0,16,41,33,40,22,23,31,
1581156021.734586768,5,138,182,48,31,33,41,36,32,33,42,40,14,12,1,12,10,0,5,24,12,4,18,30,35,102,7,16,42,31,44,26,17,34,22,104,3,16,41,32,39,22,24,31,
1581156021.744588862,6,138,177,40,50,55,83,94,98,108,127,129,147,173,177,179,176,186,197,202,205,231,219,207,223,101,7,17,42,31,43,25,17,34,23,104,2,17,42,32,39,22,23,31,
1581156021.754579027,5,139,174,251,254,267,266,276,290,294,310,326,324,341,356,372,382,360,364,377,388,396,373,351,351,102,6,15,42,31,42,23,15,31,20,104,2,16,41,31,40,19,23,30,
1581156021.764592670,5,140,173,346,353,350,336,309,299,278,253,246,215,193,180,189,170,155,139,146,147,145,172,175,156,95,6,15,37,30,40,22,15,29,21,104,4,18,41,33,40,19,23,29,
1581156021.774618716,5,140,170,161,194,201,192,194,207,226,226,243,226,246,234,236,260,259,232,244,261,276,261,256,242,98,7,16,39,30,41,25,15,30,18,104,4,18,42,32,40,17,22,29,
1581156021.784599312,6,140,167,243,250,270,270,251,254,273,280,283,289,321,317,324,324,354,356,344,334,359,368,353,354,94,4,15,38,28,39,23,14,28,18,104,5,17,41,33,39,17,23,28,
1581156021.794586147,5,137,165,368,369,347,354,349,332,306,319,327,306,290,286,274,248,247,246,235,236,228,250,266,268,94,6,15,38,28,38,22,12,27,18,101,4,18,39,32,39,17,23,29,
1581156021.804627191,6,141,161,271,259,277,271,265,282,317,290,275,288,320,311,307,313,307,289,301,320,325,328,345,334,95,7,16,38,30,39,23,10,28,17,92,3,17,36,30,34,16,23,28,
1581156021.814636106,6,138,152,348,383,384,373,379,391,429,447,461,486,511,511,528,556,574,568,578,601,610,615,610,627,95,6,16,38,29,39,23,11,25,14,90,3,16,36,29,34,15,22,29,
1581156021.824623039,6,138,144,644,645,641,645,657,665,671,701,711,693,710,736,753,739,745,756,752,737,744,751,745,743,96,10,16,38,27,39,22,8,25,12,79,0,13,31,26,30,13,21,27,
1581156021.834626466,7,140,136,741,742,745,735,731,736,719,713,717,731,724,711,728,745,754,770,785,788,793,804,800,815,94,9,17,36,28,38,20,6,22,11,73,1,12,29,24,29,12,19,26,
1581156021.844565847,7,143,126,827,827,836,835,828,840,834,835,828,823,831,839,846,838,853,864,846,840,851,861,890,897,94,10,16,35,26,38,16,4,20,9,67,0,11,27,23,26,8,20,24,
1581156021.854584737,6,144,111,915,933,944,967,973,990,1008,1019,1046,1043,1044,1048,1075,1072,1068,1071,1083,1078,1086,1076,1068,1053,90,10,17,33,25,35,14,2,18,6,59,0,10,22,21,23,8,17,21,
1581156021.864604869,6,143,99,1054,1054,1075,1089,1081,1075,1081,1079,1076,1083,1101,1109,1116,1106,1099,1095,1105,1117,1115,1109,1097,1092,86,12,15,32,23,34,11,0,14,5,52,0,8,20,18,21,5,16,20,
1581156021.874610043,6,145,88,1094,1086,1086,1088,1084,1067,1062,1070,1064,1060,1054,1044,1062,1052,1054,1051,1051,1069,1075,1090,1084,1076,80,12,14,30,22,31,10,1,12,2,41,0,7,16,17,19,3,15,20,
1581156021.884623788,6,145,80,1081,1074,1072,1068,1050,1031,1022,1009,1006,1003,992,964,950,942,926,931,922,930,914,896,886,884,77,12,14,28,21,28,6,2,9,2,38,0,5,14,15,16,2,14,16,
1581156021.894575263,7,146,75,869,872,887,879,875,844,835,808,786,777,782,758,740,731,724,712,698,699,696,666,648,650,73,11,14,27,19,26,6,4,8,0,34,0,7,13,13,15,2,14,18,
1581156021.904591817,6,145,73,652,630,626,636,633,615,593,574,551,560,538,540,542,517,499,508,495,464,448,445,440,423,70,12,12,26,18,25,5,3,4,0,37,3,8,14,15,16,2,13,16,
1581156021.914588201,7,144,71,421,406,377,375,383,359,356,340,331,331,331,318,310,315,308,310,315,303,296,289,269,260,66,12,12,26,18,25,2,2,3,0,41,3,6,15,14,15,4,13,14,
1581156021.924599339,6,145,71,256,259,265,255,263,226,201,200,187,195,212,224,204,182,194,203,208,193,178,198,172,156,66,10,11,24,17,24,1,3,4,2,50,4,8,17,15,17,5,12,14,
1581156021.934612020,7,145,71,168,175,185,166,167,149,116,117,129,157,149,135,130,135,114,94,106,100,74,57,57,57,63,8,10,23,15,20,1,2,4,2,52,2,7,19,13,16,7,11,14,
1581156021.944587829,7,147,71,47,53,68,71,57,38,60,43,51,61,86,99,95,88,84,94,100,82,77,71,66,64,66,8,10,23,14,20,1,1,4,5,55,1,8,17,13,15,9,10,13,
1581156021.954575941,7,148,73,46,60,59,50,37,39,25,17,55,70,69,95,106,107,104,120,145,150,168,190,201,166,66,7,9,24,14,19,3,0,6,5,59,2,8,19,14,15,9,10,14,
1581156021.964664667,7,149,78,148,160,175,182,190,204,197,208,229,247,270,273,279,301,327,325,319,375,398,420,432,454,67,7,9,23,15,19,4,1,6,7,61,2,6,19,13,15,11,9,14,
1581156021.974735285,7,150,83,453,456,497,511,509,508,509,508,493,480,488,503,515,504,489,484,474,487,508,506,518,525,70,6,10,25,13,22,3,1,8,8,66,2,8,20,15,16,13,9,13,
1581156021.984739327,7,152,93,549,576,585,597,595,618,636,664,687,698,726,730,772,794,780,779,804,816,836,845,845,830,72,7,10,24,17,23,3,2,11,9,74,3,9,23,15,19,15,11,15,
1581156021.994675989,7,151,99,836,829,839,848,838,828,821,800,801,798,792,770,788,788,783,773,784,783,751,741,779,760,76,6,11,29,18,24,1,3,11,12,77,0,9,25,16,21,16,11,15,
1581156022.004644177,7,152,106,759,792,789,783,773,774,790,785,774,787,768,745,745,735,721,705,692,698,677,659,669,663,80,8,12,29,19,26,0,5,13,13,76,0,10,25,17,21,17,12,16,
1581156022.014616831,7,153,111,667,654,634,642,640,631,630,628,626,616,612,619,615,599,604,623,629,616,618,627,635,622,85,8,13,31,19,28,0,5,13,14,80,1,8,27,19,23,17,14,18,
1581156022.024620654,7,155,114,617,624,630,618,622,624,614,608,609,599,580,587,581,578,565,568,563,563,558,554,549,547,90,8,12,34,22,32,2,5,16,14,75,1,8,24,18,21,16,14,20,
1581156022.034619711,7,154,117,547,552,580,584,573,586,587,572,565,553,544,535,522,505,481,476,469,467,437,419,431,413,92,9,14,34,23,34,3,6,17,14,75,1,8,25,18,23,16,14,20,
1581156022.044655541,8,155,121,413,388,402,384,337,372,385,393,361,412,409,386,375,397,419,395,400,410,412,394,427,447,95,11,15,37,22,35,5,4,19,14,72,0,8,24,19,21,17,15,20,
1581156022.054665972,7,154,125,457,456,463,448,441,443,467,482,459,447,451,452,436,420,416,400,390,381,383,364,359,355,97,12,15,39,25,37,6,5,20,14,72,1,9,24,19,23,16,16,21,
1581156022.064661266,7,155,127,379,383,372,379,387,392,388,397,404,390,375,389,407,393,377,352,332,333,324,308,310,303,99,12,16,40,25,39,8,5,21,13,70,1,8,23,20,22,15,16,22,
1581156022.074720991,7,153,129,297,288,267,255,269,282,255,243,238,233,211,245,267,263,256,258,258,255,246,261,278,274,99,10,17,38,26,38,9,5,21,12,70,2,9,24,18,23,17,15,22,
1581156022.084648004,8,152,132,263,271,297,284,281,292,292,291,293,281,275,270,255,250,258,253,247,247,252,261,251,252,102,11,17,41,25,40,11,6,21,14,67,3,7,23,18,21,16,16,22,
1581156022.094637585,7,152,134,259,264,256,259,278,299,292,273,283,270,253,261,278,268,245,236,243,250,233,219,217,188,102,12,17,39,27,40,11,6,22,13,74,1,9,25,21,23,14,18,23,
1581156022.104598217,7,150,134,175,170,171,153,149,169,165,142,149,163,154,145,173,182,173,164,186,191,186,192,209,200,99,10,16,39,26,37,12,6,20,14,76,1,9,26,21,25,17,17,22,
1581156022.114711264,7,151,139,214,197,222,236,231,246,276,293,290,282,308,328,341,353,353,344,350,345,368,365,365,366,98,10,16,38,26,38,12,8,20,13,81,1,11,29,24,26,15,18,24,
1581156022.124662190,7,148,143,375,369,367,373,379,373,381,382,385,370,360,361,380,372,371,376,361,348,345,347,333,320,99,10,17,38,27,38,13,8,21,13,85,0,12,31,23,28,16,18,25,
1581156022.134733093,7,148,144,317,311,317,309,315,323,320,330,346,352,360,364,362,375,384,396,397,393,395,389,374,353,95,9,15,38,27,37,14,9,20,15,87,3,13,31,26,29,17,20,25,
1581156022.144637872,8,147,146,341,319,310,315,310,310,290,283,279,279,271,284,278,273,279,289,289,273,265,285,278,282,98,10,15,39,27,38,14,6,23,14,82,0,11,29,23,28,17,18,25,
1581156022.154616522,7,147,150,291,293,272,245,251,250,260,256,266,275,256,245,233,241,248,259,251,263,262,267,262,233,103,11,18,41,26,40,15,8,24,14,81,0,10,28,25,27,18,19,26,
1581156022.164602993,7,145,149,226,226,208,220,220,212,200,195,199,197,193,186,190,198,180,169,160,137,135,124,107,85,103,12,16,41,29,41,16,9,25,15,81,1,10,29,24,27,17,18,26,
1581156022.174622158,7,143,147,76,55,43,19,0,22,15,34,48,41,52,58,55,52,64,64,59,48,59,60,58,44,103,11,16,41,29,41,15,8,24,16,76,1,11,26,24,25,15,18,26,
1581156022.184665409,8,140,145,62,54,43,63,59,51,78,62,84,70,82,84,88,110,112,122,133,134,133,144,155,165,103,11,18,40,30,39,16,7,24,15,77,1,9,28,23,26,15,18,26,
1581156022.194768083,7,138,143,159,171,171,170,188,182,168,170,161,180,185,188,166,173,195,199,205,209,210,213,228,243,100,10,16,40,27,40,15,7,23,13,80,0,11,28,24,27,15,20,26,
1581156022.204792584,7,140,140,259,274,283,291,284,283,304,302,300,295,287,279,268,250,230,218,191,186,174,167,135,113,101,12,16,38,28,38,13,6,21,12,79,1,11,26,24,27,15,18,25,
1581156022.214791877,8,138,141,101,88,93,99,107,97,82,89,102,85,87,88,89,101,101,97,88,78,73,85,75,61,98,10,16,39,26,38,13,6,22,13,73,0,8,26,23,26,14,19,25,
1581156022.224673010,7,136,141,57,58,46,42,49,26,10,19,18,14,12,0,29,31,20,0,11,13,5,1,4,20,100,10,17,39,28,40,14,6,23,13,73,2,8,26,23,26,15,19,26,
1581156022.234724399,8,134,143,33,41,58,48,53,50,53,55,38,25,23,22,9,11,37,47,60,70,79,100,118,115,99,12,15,40,28,39,15,6,22,12,74,1,10,25,24,24,13,20,24,
1581156022.244715092,7,134,141,100,84,72,91,88,95,81,81,55,47,44,19,5,17,0,19,34,43,39,46,19,8,101,10,18,42,29,40,16,5,25,13,70,3,10,24,23,24,14,18,24,
1581156022.254605368,7,134,143,16,10,20,31,47,65,52,71,91,120,120,138,123,124,96,93,93,78,56,51,45,36,99,10,18,39,27,39,14,6,23,12,74,1,8,27,23,27,15,19,26,
1581156022.264630321,8,132,142,40,22,15,11,44,45,37,43,57,42,44,53,36,19,11,28,11,17,12,13,13,18,99,11,18,39,28,40,15,6,22,13,73,1,10,26,24,27,14,20,27,
1581156022.274617001,7,131,138,26,33,33,37,69,75,87,85,86,117,133,138,132,144,133,151,159,150,157,170,176,172,98,12,17,40,28,39,15,6,21,11,74,0,10,27,24,28,12,20,26,
1581156022.284649043,7,130,136,175,186,166,169,192,193,190,187,189,196,202,192,201,199,197,215,239,248,258,274,271,266,98,10,17,39,27,38,15,5,20,11,73,1,11,27,22,27,12,20,24,
1581156022.294641874,7,130,132,289,309,310,309,316,334,327,318,315,338,332,333,342,340,336,352,361,354,365,387,392,398,94,9,16,35,27,37,15,4,18,11,78,2,13,27,25,27,10,19,25,
1581156022.304785413,7,128,126,386,395,406,403,408,416,414,412,421,417,435,460,459,454,459,480,490,465,464,479,468,463,90,10,14,35,26,34,13,4,18,8,75,3,13,26,23,27,9,19,24,
1581156022.314797918,8,128,121,477,472,455,464,479,486,495,490,486,482,475,496,498,498,495,505,518,520,526,535,539,544,86,10,14,33,25,33,12,3,15,7,80,6,12,28,25,29,8,18,22,
1581156022.324797888,8,127,115,552,566,568,554,557,574,567,558,556,565,567,580,565,543,535,539,531,557,571,549,529,531,79,7,12,30,23,29,11,2,12,6,83,7,13,30,23,28,7,17,24,
1581156022.334653848,7,125,112,536,548,525,542,552,546,552,554,548,542,553,526,531,497,514,515,499,466,454,449,438,435,75,7,13,28,22,29,10,3,10,4,79,7,13,28,22,27,7,18,22,
1581156022.344652122,8,124,109,408,400,377,396,404,401,395,393,374,383,378,383,377,364,354,384,395,374,379,387,394,409,76,8,12,28,21,27,9,2,10,3,73,7,12,26,22,26,7,18,23,
1581156022.354598200,7,122,104,410,380,388,400,411,441,452,443,455,489,498,499,483,473,477,501,513,504,499,489,475,477,73,8,13,27,22,27,10,0,9,2,74,6,13,26,22,25,4,17,21,
1581156022.364623186,8,122,96,483,500,499,490,504,504,496,525,525,534,550,543,562,573,565,586,613,632,647,637,642,659,74,10,14,28,22,27,8,0,7,1,66,5,12,22,20,22,4,17,21,
1581156022.374640191,8,121,87,670,673,671,689,689,683,669,688,696,667,685,705,687,679,688,711,718,741,772,798,798,809,72,8,12,27,20,26,8,0,7,1,60,5,11,20,19,21,4,16,18,
1581156022.384635562,8,119,76,834,863,851,857,863,871,884,901,917,886,873,879,885,889,900,909,911,902,896,885,891,913,67,8,12,24,17,24,5,2,3,0,56,7,9,18,17,18,2,13,15,
1581156022.394633296,8,116,63,939,941,936,949,968,988,977,987,1001,1004,1009,1019,1022,1027,1020,1025,1035,1037,1037,1048,1048,1040,60,7,10,22,16,20,4,2,3,0,49,7,9,16,15,17,0,12,15,
1581156022.404629720,8,115,55,1027,1016,1004,1027,1006,988,979,982,983,978,976,955,937,950,949,951,946,951,940,935,940,964,54,8,10,21,14,19,1,5,2,1,40,4,9,14,13,13,0,11,13,
1581156022.414640371,8,114,47,957,952,958,957,950,950,957,943,914,911,908,905,886,872,848,836,815,815,815,803,790,785,50,8,10,17,12,16,1,4,0,1,37,4,6,11,12,13,0,10,11,
1581156022.424647151,8,112,41,791,800,805,819,841,835,838,829,808,811,803,791,790,768,751,752,726,707,695,667,666,654,45,7,9,16,11,14,0,4,0,0,31,5,6,9,10,9,1,10,10,
1581156022.434651307,8,113,40,636,604,590,568,546,542,526,518,481,486,454,456,446,411,416,407,387,381,379,367,377,372,43,8,7,14,10,14,3,3,0,1,29,3,5,8,8,8,1,8,9,
1581156022.444670972,8,110,41,346,343,313,297,289,253,230,212,205,185,186,187,189,156,175,155,127,107,108,110,95,85,45,7,10,16,10,13,4,3,1,1,30,3,3,8,7,7,3,8,10,
1581156022.454762770,8,109,42,90,97,65,46,44,47,49,41,41,29,15,4,20,28,46,63,54,54,45,70,96,99,47,6,9,16,10,14,3,2,1,1,31,2,4,8,8,6,3,6,7,
1581156022.464821036,8,108,47,110,123,88,88,140,165,158,167,191,199,217,236,249,262,249,256,271,273,266,295,302,314,48,7,9,18,11,13,4,2,1,1,33,2,2,9,6,6,5,7,9,
1581156022.474803990,8,105,52,315,319,332,348,384,373,379,408,407,409,422,410,415,414,429,446,447,425,424,441,466,473,54,7,10,20,13,15,4,1,4,3,38,0,4,9,7,7,5,5,9,
1581156022.484691910,9,105,58,466,474,460,453,464,496,481,459,470,477,480,493,506,520,522,543,553,548,564,576,577,592,52,6,9,17,11,14,4,1,2,2,47,3,6,12,10,11,5,7,10,
1581156022.494701297,8,104,64,574,570,576,552,553,561,574,571,578,580,589,600,585,588,597,587,608,615,613,629,640,631,54,7,9,17,13,17,4,1,3,2,53,6,8,17,12,13,8,10,11,
1581156022.504676986,8,103,70,648,643,639,644,649,661,669,651,661,685,655,648,681,678,683,666,679,683,668,668,687,683,58,7,8,20,12,16,2,1,4,5,61,4,8,19,12,15,8,8,12,
1581156022.514754752,8,103,75,658,659,675,664,632,625,622,619,604,592,597,594,572,571,574,574,575,576,567,577,589,587,58,6,9,20,13,17,3,2,5,5,65,6,9,20,14,16,8,10,13,
1581156022.524725608,8,103,80,582,583,575,571,579,596,589,592,598,580,579,579,583,561,562,559,573,564,549,573,579,564,60,4,7,21,15,17,2,2,6,5,69,4,8,23,15,17,8,10,13,
1581156022.534641359,8,103,86,598,577,572,590,601,617,637,637,615,626,625,634,628,629,623,609,612,620,612,624,628,630,65,7,9,23,15,21,3,1,8,6,67,3,8,21,14,18,9,10,14,
1581156022.544675976,8,102,91,647,631,624,648,633,633,652,655,650,649,652,626,620,637,638,620,614,617,610,602,604,611,72,7,10,26,16,23,1,1,9,8,68,2,9,21,15,18,9,10,15,
1581156022.554645419,9,97,95,607,598,596,597,587,572,583,591,599,578,580,572,563,552,546,535,547,536,528,541,555,552,75,7,10,26,17,24,0,1,9,7,70,3,8,22,17,19,12,11,15,
1581156022.564822839,8,96,102,545,537,527,540,544,553,563,566,564,564,561,570,590,614,619,627,620,609,633,651,642,646,77,8,12,28,18,26,0,2,11,8,73,2,10,23,17,21,12,13,18,
1581156022.574821103,9,95,110,649,647,663,657,648,655,663,675,679,689,697,695,704,720,740,731,735,752,751,746,770,787,77,8,12,29,17,27,1,3,11,8,78,2,10,25,18,21,13,13,18,
1581156022.584711531,8,92,117,795,779,788,790,770,774,774,780,787,784,781,787,796,804,814,819,827,818,827,837,838,863,81,7,12,30,20,28,2,4,12,9,83,4,12,29,20,24,13,13,20,
1581156022.594724888,8,91,125,862,863,864,876,866,874,893,908,917,913,914,906,919,929,928,918,899,884,893,886,872,872,83,7,12,31,21,29,4,5,15,12,87,3,12,30,22,26,14,15,21,
1581156022.604645672,9,89,127,837,814,797,809,799,772,747,734,712,704,696,664,639,621,622,628,624,605,584,557,552,558,88,7,12,32,23,32,6,8,17,14,85,0,13,29,20,26,15,15,21,
1581156022.614704000,8,90,132,557,557,540,530,524,544,531,530,524,534,534,532,541,537,543,531,547,555,543,545,551,550,90,9,12,34,23,33,6,7,17,14,85,2,12,29,23,25,15,17,21,
1581156022.624678383,8,88,138,553,561,577,565,553,560,578,587,583,600,602,593,605,607,601,602,600,605,613,615,619,620,93,7,16,34,24,34,8,7,20,14,83,1,10,29,21,26,18,17,25,
1581156022.634657051,8,88,141,607,596,596,594,590,578,571,553,555,529,531,515,511,491,479,471,455,470,452,455,464,447,95,8,15,38,26,36,10,8,20,15,87,0,13,29,24,29,17,18,25,
1581156022.644686069,8,85,143,439,440,444,421,398,393,385,370,365,342,343,320,310,302,293,289,295,289,257,257,261,264,93,7,15,35,25,35,11,10,19,15,91,1,11,31,25,28,16,18,23,
1581156022.654684551,9,81,143,282,283,287,271,252,250,261,252,226,223,218,222,210,202,209,205,224,217,220,209,213,214,94,6,15,37,25,35,12,9,20,15,93,3,14,32,26,31,17,18,25,
1581156022.664689469,8,81,147,223,225,234,237,232,246,258,262,267,275,267,275,289,299,293,275,288,297,314,323,320,314,92,7,15,34,25,35,12,9,20,14,94,4,14,34,27,31,17,18,25,
1581156022.674819625,9,80,149,326,324,328,344,340,335,340,353,349,353,342,326,309,311,297,274,263,268,250,252,244,235,93,7,14,38,24,36,13,10,22,17,93,3,14,33,27,31,17,18,26,
1581156022.684822350,9,75,150,224,226,213,199,191,201,187,201,181,177,190,197,179,198,207,201,217,229,240,218,228,207,94,7,13,36,26,36,13,9,21,15,97,4,15,36,27,33,16,21,25,
1581156022.694833411,9,73,153,231,228,247,248,242,240,240,254,269,268,259,267,265,274,263,252,240,244,250,250,244,246,93,7,16,35,27,36,14,11,22,15,97,4,15,36,28,31,18,20,24,
1581156022.704672205,8,70,152,248,249,244,245,219,213,226,212,205,202,184,182,186,189,181,144,142,136,123,108,126,101,93,5,14,34,28,36,16,11,22,15,101,3,17,38,29,33,19,18,27,
1581156022.714798260,9,67,152,95,115,123,104,84,90,96,94,83,63,59,59,79,90,95,89,91,100,114,94,98,99,90,6,14,34,26,36,15,11,20,17,103,6,16,38,30,34,17,20,26,
1581156022.724794730,8,65,154,89,96,100,108,112,108,104,111,97,91,72,73,71,68,68,59,74,61,63,73,68,28,91,6,14,34,27,36,15,11,21,15,104,6,16,38,30,35,17,21,26,
1581156022.734798172,9,64,151,20,31,32,25,24,19,11,9,10,25,14,17,38,54,59,84,105,95,88,105,98,104,86,4,14,33,25,32,15,12,19,15,107,8,19,40,30,37,17,20,27,
1581156022.744766949,9,62,148,116,150,168,177,180,191,188,176,187,212,197,220,244,251,252,260,267,274,267,289,290,305,87,5,14,34,26,33,14,11,20,13,100,7,17,37,29,34,15,20,27,
1581156022.754663238,8,62,144,313,320,346,335,343,341,350,347,337,359,346,346,325,331,323,322,318,305,317,301,293,285,88,6,16,34,26,34,14,8,19,12,95,6,14,35,28,32,15,20,26,
1581156022.764667101,9,59,142,277,264,233,239,268,256,249,255,243,230,243,286,275,266,271,288,303,293,285,294,301,318,89,8,14,34,26,35,15,9,19,13,93,4,16,34,28,32,12,20,26,
1581156022.774646179,8,57,137,315,335,339,344,341,342,358,357,388,385,380,394,411,423,416,412,391,391,395,398,394,394,86,8,13,35,25,33,13,8,16,12,95,7,15,36,27,31,11,21,25,
1581156022.784684165,9,57,133,384,390,393,401,399,408,420,428,433,437,445,445,457,472,459,451,442,434,428,413,413,393,84,5,14,31,25,31,12,6,16,10,91,5,16,34,26,31,12,19,26,
1581156022.794701234,8,55,129,374,372,375,379,376,383,374,366,352,343,359,364,382,374,360,361,377,383,384,391,375,388,82,7,14,30,23,32,12,5,14,8,90,8,15,34,26,30,11,20,24,
1581156022.804711146,9,51,127,377,371,366,373,362,364,332,304,299,281,279,289,279,258,245,257,267,265,278,274,264,263,79,5,14,29,24,29,11,5,12,7,93,9,16,35,26,32,9,18,24,
1581156022.814653990,8,49,125,283,304,310,320,338,341,350,350,354,362,354,349,334,329,338,330,300,304,304,277,239,230,78,7,14,28,21,29,11,4,13,7,91,8,16,34,28,31,9,18,23,
1581156022.824662031,9,50,123,225,226,217,214,213,196,184,183,226,235,233,221,228,244,246,281,311,321,317,312,320,331,78,7,14,28,23,29,12,5,12,6,85,6,15,30,26,31,8,18,24,
1581156022.834675502,8,47,117,320,319,346,342,338,361,390,389,355,360,390,387,400,421,443,447,437,478,516,507,531,543,79,7,14,30,23,30,12,5,12,6,79,7,14,29,25,29,7,17,24,
1581156022.844764583,9,45,108,555,565,577,606,637,650,651,659,682,689,705,708,725,708,699,702,699,693,691,696,703,694,75,7,11,28,22,29,9,3,9,4,78,7,13,28,22,26,5,17,21,
1581156022.854700532,9,43,101,677,671,654,646,636,636,638,629,634,636,640,639,637,628,638,641,661,665,677,694,707,707,72,8,11,27,22,27,10,2,9,4,72,6,12,24,21,24,5,17,21,
1581156022.864673864,8,43,94,705,699,707,711,707,707,708,687,680,693,703,710,703,708,700,698,685,694,706,716,731,747,70,7,12,26,21,26,8,1,8,2,67,7,12,23,21,23,2,16,19,
1581156022.874747745,9,41,82,756,754,775,794,828,849,866,872,886,894,892,912,906,903,907,914,902,902,887,891,891,893,64,7,10,23,18,23,6,0,5,0,65,8,13,24,19,21,3,14,19,
1581156022.884705411,9,43,71,891,887,889,901,911,918,923,924,939,936,965,964,971,966,971,970,969,970,979,978,973,971,59,6,12,20,18,21,4,1,3,1,55,7,11,19,18,20,0,12,17,
1581156022.894678989,8,41,62,962,945,940,940,943,956,944,931,924,931,931,916,905,902,897,893,882,881,873,844,837,831,53,7,10,19,15,20,3,2,1,0,51,7,10,16,17,18,0,12,15,
1581156022.904691448,8,41,58,840,843,828,801,770,755,763,766,735,718,707,675,676,667,659,626,622,631,647,635,638,639,49,6,10,17,14,18,2,2,0,2,46,7,8,16,15,17,0,13,14,
1581156022.914702364,9,36,53,672,675,680,681,671,668,687,700,693,704,689,687,678,660,642,638,608,594,600,581,580,592,46,6,8,16,13,16,1,1,0,2,46,6,9,16,13,14,0,11,13,
1581156022.924695280,9,37,45,592,604,603,610,608,631,658,673,653,664,673,688,703,714,727,712,710,708,709,695,688,679,43,6,9,16,12,15,0,3,2,2,43,7,10,14,12,14,0,10,11,
1581156022.934709767,9,35,42,658,647,620,601,593,552,528,519,512,508,499,508,501,485,494,520,510,499,495,478,480,494,40,6,7,13,10,13,1,3,0,2,39,6,7,12,12,12,1,9,9,
1581156022.944709857,8,33,45,486,472,463,431,396,385,387,353,309,263,240,211,184,166,160,119,92,79,77,56,31,31,39,5,8,14,9,13,2,3,0,0,41,7,7,14,12,11,2,7,10,
1581156022.954665681,9,31,49,15,12,34,34,28,49,48,46,61,87,93,110,133,130,134,146,171,199,213,212,216,243,43,5,7,15,10,13,3,2,0,0,41,3,6,14,10,12,4,9,10,
1581156022.964898090,8,29,52,264,270,270,289,291,292,305,317,291,298,311,313,323,319,317,310,318,338,361,348,352,362,47,6,8,16,10,14,3,2,1,1,48,5,7,15,10,11,6,7,11,
1581156022.974705218,9,29,59,394,410,412,416,417,434,443,463,470,474,475,483,520,540,541,528,532,531,544,557,560,556,50,7,7,17,10,14,3,1,2,3,51,6,6,16,11,13,7,8,10,
1581156022.984726044,9,30,65,539,543,567,576,553,551,564,571,578,576,570,561,568,581,585,582,573,584,569,568,585,572,56,7,8,21,12,16,3,1,4,3,53,3,7,18,12,14,8,9,10,
1581156022.994807815,9,31,69,575,573,570,593,614,597,591,575,563,564,574,574,558,564,580,576,569,571,537,525,552,541,57,5,8,19,13,17,4,0,5,5,59,4,8,20,13,15,8,10,13,
1581156023.004742664,9,30,74,549,535,518,533,540,549,559,574,571,572,554,550,559,574,557,573,589,580,572,597,614,600,59,4,8,21,12,18,3,0,6,6,63,2,8,21,15,16,9,9,12,
1581156023.014725148,9,29,81,608,621,620,605,630,648,635,630,629,651,630,625,631,620,615,638,630,624,589,579,605,621,65,6,10,24,16,20,2,1,8,7,62,2,8,19,14,16,10,9,13,
1581156023.024747835,9,26,84,605,582,594,575,586,591,607,601,593,590,616,580,566,559,566,566,563,559,525,495,477,492,70,6,11,25,14,21,2,2,8,7,64,3,6,20,13,17,10,10,15,
1581156023.034719797,9,26,88,485,487,474,467,457,441,425,438,427,425,434,439,420,408,417,418,436,430,443,438,449,463,70,7,12,27,16,23,0,2,8,7,64,4,7,22,14,17,11,10,16,
1581156023.044728371,9,27,95,491,505,507,511,503,521,525,532,543,566,563,586,598,596,594,607,625,639,641,630,640,618,74,7,11,27,17,24,0,2,10,8,67,3,9,22,16,19,11,12,17,
1581156023.054787130,9,25,101,630,659,666,656,657,665,652,643,650,660,658,652,666,683,663,648,663,667,668,661,666,659,77,8,12,31,20,27,0,3,12,9,65,2,8,21,15,19,11,12,16,
1581156023.064742138,9,24,106,660,659,670,667,662,670,666,663,660,657,665,665,673,689,690,672,654,662,664,669,668,641,79,9,12,29,18,27,1,2,12,9,73,1,10,24,19,21,12,14,18,
1581156023.074800493,9,22,109,628,621,628,606,597,580,564,545,530,515,507,495,493,471,444,446,436,437,440,434,430,418,83,9,14,31,21,28,3,3,13,10,73,1,11,24,19,22,12,13,18,
1581156023.084768686,9,22,113,438,442,425,433,452,460,449,447,446,445,433,444,457,462,449,454,460,465,457,448,442,451,85,8,15,34,21,32,4,3,14,10,72,0,8,25,19,20,13,15,19,
1581156023.094740044,9,19,118,457,463,481,480,480,499,504,489,491,497,502,511,508,502,498,463,453,460,454,452,445,424,86,8,15,33,23,31,5,4,15,11,74,2,11,26,21,23,13,15,19,
1581156023.104865935,9,18,120,422,423,425,435,428,405,390,396,373,387,382,358,347,350,351,345,341,333,319,313,340,334,85,7,14,32,23,32,5,6,16,11,78,2,11,28,20,24,12,16,21,
1581156023.114734519,9,16,122,333,333,337,340,321,317,320,318,335,348,352,337,344,335,337,322,321,324,301,303,302,303,84,9,13,32,22,31,7,5,14,10,84,5,13,30,23,26,13,16,22,
1581156023.124759978,9,13,122,281,269,265,260,250,262,265,261,254,251,241,243,232,209,214,208,182,167,153,143,127,122,83,7,12,31,23,29,6,6,15,10,88,5,14,31,24,27,13,16,21,
1581156023.134742785,9,12,123,137,119,97,94,90,96,83,72,61,44,59,59,74,77,73,70,85,91,88,111,107,108,81,6,12,29,22,29,6,6,12,9,85,4,13,31,23,28,11,16,23,
1581156023.144728270,8,8,125,113,105,116,121,128,144,152,153,140,166,165,188,205,205,213,220,224,239,226,207,215,217,80,6,12,30,21,28,8,6,13,9,91,7,15,33,24,29,11,18,22,
1581156023.154709972,9,8,126,207,207,210,198,190,197,207,198,197,176,162,157,159,180,164,156,136,133,135,129,120,96,80,6,12,29,23,29,9,6,13,9,91,6,14,32,26,29,10,18,23,
1581156023.164749288,8,6,125,72,60,61,62,42,31,9,33,27,17,3,2,5,4,7,3,17,18,1,4,10,22,80,6,12,29,22,30,8,4,14,9,89,7,15,33,23,29,11,17,22,
1581156023.174748492,9,7,125,21,28,25,11,7,7,9,15,6,9,24,28,14,15,18,35,39,33,24,41,25,39,80,6,12,29,22,28,9,4,14,8,89,7,13,31,26,29,10,18,23,
1581156023.184747783,9,4,127,59,41,40,60,81,76,99,116,107,109,118,150,154,149,148,168,187,215,223,218,225,222,82,7,14,31,22,30,8,5,14,10,88,6,13,31,24,28,11,16,24,
1581156023.194755946,9,0,131,219,233,249,248,257,265,265,272,269,263,259,266,257,240,233,241,249,251,243,234,217,199,81,7,12,30,23,30,10,8,14,9,93,9,16,35,25,31,10,19,23,
1581156023.204830956,8,0,129,191,198,177,158,138,140,135,129,101,112,105,96,92,97,83,83,92,93,89,75,68,81,79,4,12,29,21,28,11,6,15,9,93,7,16,34,25,30,11,19,23,
1581156023.214729342,9,0,129,70,54,60,51,48,41,17,10,4,18,8,23,35,47,35,32,34,43,73,63,72,79,81,7,14,31,24,29,10,5,14,10,91,7,14,31,25,30,11,17,22,
1581156023.224746248,8,1,126,70,74,83,74,71,64,88,107,110,105,105,107,123,146,159,149,126,110,143,164,166,165,82,8,13,30,24,32,9,6,13,9,86,5,13,29,24,29,11,17,22,
1581156023.234701251,9,0,124,164,150,174,168,195,202,176,179,205,196,187,196,192,201,199,202,180,167,157,165,178,189,85,7,12,32,25,31,11,4,15,10,77,3,11,27,22,26,12,18,22,
1581156023.244746746,9,1,122,178,179,173,184,185,184,190,197,200,193,214,215,215,230,239,234,240,256,267,262,276,297,86,10,13,33,23,32,9,3,14,7,76,3,11,27,21,25,10,17,22,
1581156023.254791106,9,4,117,290,274,289,296,303,304,316,355,329,316,328,350,347,335,344,359,344,335,364,378,366,370,86,7,15,31,23,31,8,2,14,8,75,2,12,24,22,23,9,17,21,
1581156023.264814066,9,6,113,371,365,357,376,389,387,396,405,408,408,407,410,424,425,412,411,400,401,394,395,400,390,84,9,14,32,23,30,8,1,13,7,71,2,11,23,20,21,8,16,22,
1581156023.274724572,8,6,111,382,383,372,351,351,341,329,315,315,321,310,290,299,300,284,287,285,264,273,269,269,256,82,10,14,31,23,29,6,2,12,7,69,2,11,22,20,21,9,17,21,
1581156023.284756692,8,8,111,244,241,230,218,202,203,213,187,166,184,184,194,183,184,158,136,125,130,135,118,104,94,83,8,13,33,22,29,6,1,12,6,66,1,9,20,20,20,9,16,19,
1581156023.294733918,8,11,111,100,91,105,105,88,75,97,85,73,69,57,63,75,82,80,85,57,64,68,58,41,48,86,11,14,33,21,30,7,1,12,6,61,1,7,20,18,20,8,15,22,
1581156023.304755642,9,11,111,38,39,45,39,25,15,30,30,29,16,17,8,11,14,19,9,15,14,18,18,5,8,86,10,15,32,22,31,8,1,13,6,59,0,7,17,19,19,8,16,20,
1581156023.314740489,8,15,108,9,20,27,44,58,76,93,139,133,138,145,163,181,201,217,210,228,235,256,244,243,247,87,11,17,32,25,35,9,0,14,4,56,0,8,18,18,19,8,15,20,
1581156023.324726181,8,14,102,256,268,289,292,288,306,325,329,343,357,379,384,387,399,395,385,392,395,395,391,403,394,86,10,14,31,23,31,7,0,12,4,58,0,8,19,17,19,5,16,19,
1581156023.334704111,8,13,98,377,384,390,375,364,372,379,390,401,393,387,375,378,388,408,377,362,362,384,395,408,385,81,10,14,30,21,30,7,0,10,3,57,2,8,20,18,20,5,16,20,
1581156023.344736699,8,17,93,377,387,394,413,425,417,405,415,436,447,464,470,467,484,508,517,540,547,552,592,597,598,77,8,12,29,21,26,6,0,8,3,61,3,10,20,19,20,4,15,18,
1581156023.354753843,9,17,83,589,592,622,634,626,647,647,649,658,664,668,675,684,694,715,715,715,710,722,729,748,757,69,8,11,26,18,25,4,0,6,3,64,6,11,22,18,21,3,15,16,
1581156023.364793352,9,17,75,754,752,767,791,795,804,800,794,782,793,788,799,788,785,775,781,772,770,766,749,744,744,59,8,11,22,15,21,3,0,2,1,60,7,10,20,17,19,2,13,16,
1581156023.374797817,9,15,70,735,731,717,716,731,729,720,716,708,706,698,708,703,706,705,696,694,680,677,689,674,692,56,7,10,20,16,20,4,2,3,0,54,6,11,18,14,18,1,13,16,
1581156023.384873294,9,15,63,679,667,642,620,606,620,613,597,593,579,566,560,584,590,573,576,577,579,582,589,609,611,54,8,10,20,15,20,2,2,2,0,50,6,8,17,14,15,1,13,15,
1581156023.394898579,9,17,59,612,630,632,644,622,615,617,619,610,637,610,608,609,614,601,610,604,606,613,612,621,636,51,7,10,19,14,17,1,2,1,0,45,5,8,17,14,15,0,10,14,
1581156023.404897831,9,18,51,639,636,642,654,679,666,666,658,662,661,670,670,655,652,656,636,629,623,624,614,612,621,47,8,9,16,15,16,1,3,1,0,43,7,10,15,14,15,0,11,12,
1581156023.414857479,8,18,44,634,624,606,605,607,625,638,644,666,636,633,632,627,637,648,633,641,649,653,644,653,645,40,6,8,16,12,13,0,2,0,2,43,7,10,14,13,14,0,11,11,
1581156023.424833241,9,18,40,624,629,633,631,630,615,614,615,618,622,623,608,597,593,587,601,601,594,579,573,567,569,34,5,5,11,11,12,0,3,2,2,42,9,10,15,11,14,1,9,9,
1581156023.434833524,9,21,37,572,570,571,561,568,565,580,577,576,553,543,537,529,512,496,483,475,477,464,426,414,422,31,4,6,9,8,10,0,2,1,2,41,8,10,15,12,14,1,10,9,
1581156023.444764272,9,18,35,415,402,398,385,364,352,346,350,349,338,354,337,344,344,344,315,344,354,348,319,342,325,31,4,7,11,7,9,3,2,1,1,36,4,7,11,10,9,0,8,9,
1581156023.454759124,9,18,35,317,328,324,314,296,278,272,267,260,241,242,235,211,207,185,174,176,167,156,138,137,144,33,5,7,10,9,10,3,2,0,1,35,4,5,10,7,9,0,5,8,
1581156023.464759383,9,20,35,132,130,141,136,123,127,119,103,102,106,101,111,99,85,63,30,12,27,0,20,33,62,35,5,6,11,8,10,4,2,0,0,33,3,4,10,8,8,2,5,8,
1581156023.474765725,9,22,40,86,95,94,133,150,154,162,180,185,215,227,234,235,244,248,270,277,257,253,276,282,303,40,5,7,14,8,10,4,2,0,1,32,3,4,8,8,7,2,5,8,
1581156023.484767237,9,24,44,306,305,305,299,308,309,306,313,319,338,345,356,362,382,398,404,406,426,437,421,410,422,43,7,6,14,9,12,4,2,2,1,37,3,5,11,7,8,4,7,7,
1581156023.494728675,8,25,49,426,416,405,417,416,413,405,394,387,404,401,404,388,384,375,375,377,401,403,400,409,428,46,6,6,16,8,11,3,1,0,1,40,3,5,11,8,9,5,7,10,
1581156023.504770236,9,28,53,417,430,470,479,490,497,493,482,474,489,488,482,506,480,481,484,482,483,494,493,487,483,50,7,8,18,10,15,3,2,2,2,40,2,5,12,8,9,5,7,10,
1581156023.514743684,9,28,59,470,477,493,496,500,516,502,522,551,557,560,563,576,572,576,583,583,591,590,597,605,606,52,5,10,19,12,17,4,0,3,2,45,3,6,14,9,10,5,10,10,
1581156023.524772611,9,29,67,619,623,612,630,641,652,642,646,660,661,671,695,712,707,717,707,722,716,720,722,751,753,56,7,9,19,12,17,3,0,4,3,51,3,6,17,11,13,7,9,11,
1581156023.534774715,9,29,75,750,749,759,769,762,790,805,793,809,819,825,820,836,843,836,843,850,845,844,832,819,816,60,6,10,23,12,20,1,0,5,3,56,3,7,18,13,15,7,10,13,
1581156023.544770433,8,29,82,842,829,824,824,812,806,806,812,815,819,806,800,796,800,807,807,817,809,807,808,822,822,64,7,11,23,15,20,2,0,6,5,62,3,9,19,14,16,7,11,14,
1581156023.554773330,9,30,88,837,812,807,805,802,779,782,763,758,740,744,722,707,703,694,691,695,699,688,682,674,659,66,7,9,26,15,21,1,0,6,6,69,5,10,23,18,18,8,11,14,
1581156023.564828301,9,32,90,646,642,636,617,587,584,586,561,538,530,529,499,488,487,464,470,474,494,493,491,500,496,67,7,10,22,17,22,0,1,5,4,74,8,11,26,19,22,8,11,15,
1581156023.574811681,8,31,96,505,509,509,515,527,536,541,549,545,539,542,557,561,562,572,571,577,596,607,613,624,633,64,4,10,23,15,21,1,2,6,6,80,7,13,26,20,22,8,11,16,
1581156023.584858280,8,34,101,621,632,635,630,631,637,635,654,652,627,614,617,595,572,583,584,582,561,541,553,567,559,68,5,10,25,17,23,2,3,7,6,81,7,14,29,21,25,10,14,17,
1581156023.594765216,8,35,105,552,543,533,532,520,529,532,523,513,509,517,505,505,502,494,493,500,496,474,485,509,506,69,6,11,24,18,23,2,4,8,6,84,7,13,29,22,25,9,13,18,
1581156023.604741692,8,35,108,505,502,503,495,472,478,470,445,449,466,464,433,434,433,420,406,404,405,404,403,383,389,68,6,10,24,18,23,3,5,7,7,86,7,15,31,22,27,11,15,20,
1581156023.614775140,8,39,111,404,396,388,387,382,395,381,368,354,343,338,348,344,335,334,344,341,339,360,370,353,366,69,5,11,25,18,22,3,4,7,7,90,8,14,30,22,27,9,14,19,
1581156023.624764398,8,39,117,390,401,413,409,415,429,443,464,494,487,493,508,535,545,541,551,576,568,581,597,608,610,71,5,9,26,18,23,4,5,9,7,90,7,15,32,24,29,9,15,21,
1581156023.634719120,9,40,124,622,626,642,643,656,690,695,705,716,702,695,713,722,708,707,705,697,679,678,669,656,638,75,4,12,28,21,26,6,6,13,8,89,6,13,30,23,28,12,17,21,
1581156023.644749942,8,43,124,624,611,599,573,550,531,524,507,483,463,453,435,440,428,398,376,357,327,314,309,303,287,81,7,12,32,23,29,7,6,13,9,88,4,15,31,24,28,12,17,22,
1581156023.654775334,8,45,123,268,254,244,233,194,200,167,141,129,138,102,88,80,84,65,55,54,54,35,27,39,28,82,8,13,30,22,29,8,5,14,10,87,4,13,31,21,26,11,16,22,
1581156023.664831387,9,46,123,13,3,14,23,15,4,10,8,8,28,15,4,0,18,16,14,13,7,12,14,13,12,83,7,12,31,21,30,6,6,14,9,80,3,12,25,22,24,11,15,22,
1581156023.674854599,8,47,122,12,6,7,3,10,21,11,24,49,76,79,78,74,78,81,71,77,72,70,72,78,106,86,7,15,32,23,32,7,5,13,10,78,0,11,25,22,23,11,16,20,
1581156023.684855399,8,48,118,92,100,90,74,83,96,104,113,118,118,135,142,160,165,167,192,179,189,191,201,197,214,86,8,14,31,23,32,7,4,13,8,76,2,10,24,19,21,11,15,21,
1581156023.694754822,8,45,117,213,232,237,223,232,219,234,224,214,222,216,208,209,214,195,179,161,154,132,127,125,120,88,10,13,33,21,32,7,2,14,8,68,0,7,22,19,20,11,17,20,
1581156023.704848465,8,49,116,119,111,135,130,116,120,118,105,108,97,98,100,94,92,97,106,91,106,99,98,74,69,89,8,15,32,23,33,8,3,14,9,65,0,6,20,17,19,10,14,20,
1581156023.714788555,8,49,116,64,68,69,77,69,50,40,47,43,54,62,54,49,43,43,53,55,39,39,44,54,36,88,9,15,33,23,32,7,3,15,8,66,1,8,22,18,20,11,14,21,
1581156023.724776775,9,51,119,11,10,17,18,10,22,1,14,25,12,37,50,59,81,93,101,123,147,146,151,146,134,89,11,14,34,24,32,7,1,15,8,66,0,8,21,17,19,11,16,20,
1581156023.734722210,8,52,120,138,166,172,165,162,154,134,138,137,132,128,146,151,132,129,125,106,109,116,126,97,86,89,10,15,32,24,32,7,2,15,9,71,1,8,25,21,23,10,16,21,
1581156023.744852860,8,51,117,82,65,57,47,30,25,11,15,0,15,37,62,70,69,83,112,128,138,140,142,164,164,83,7,12,30,21,29,7,4,12,8,83,6,14,29,24,26,9,16,22,
1581156023.754735839,8,53,113,181,211,216,212,210,217,229,223,221,230,242,228,235,247,219,218,221,220,227,226,229,226,75,6,12,27,21,27,7,4,9,7,87,8,13,31,24,26,9,17,21,
1581156023.764755931,8,55,113,209,206,205,218,225,223,214,195,167,164,185,182,182,145,142,125,120,117,122,114,95,93,71,6,10,25,19,25,5,4,9,6,89,9,16,31,24,28,8,16,20,
1581156023.774747064,8,55,113,89,83,72,69,68,78,71,45,43,40,31,40,56,51,43,26,28,42,53,45,67,64,68,4,11,24,17,22,6,4,8,6,94,9,16,34,25,31,9,16,22,
1581156023.784809008,8,58,110,71,57,76,100,78,73,78,84,113,121,125,122,115,136,178,189,195,212,223,228,242,252,68,5,12,25,18,22,7,4,8,6,93,11,17,34,25,30,9,17,20,
1581156023.794774694,8,59,106,267,268,260,267,279,284,286,297,311,310,321,339,343,344,347,361,371,374,382,383,383,394,65,5,11,23,18,23,6,4,8,5,88,11,16,33,25,27,7,17,20,
1581156023.804781067,8,59,100,404,406,410,396,407,425,439,443,442,466,473,472,477,484,485,496,512,506,509,508,500,500,64,5,9,23,18,22,3,3,6,3,85,8,15,31,23,27,7,15,20,
1581156023.814777435,8,58,96,512,525,528,521,504,482,492,485,484,487,496,500,486,472,459,458,435,422,419,404,371,368,62,4,10,22,18,21,4,1,6,2,81,9,13,28,23,26,5,16,19,
1581156023.824937836,8,58,95,357,354,344,335,323,316,299,293,285,273,280,292,289,295,282,260,249,235,222,221,218,187,63,6,10,21,18,22,5,0,6,3,76,8,13,27,22,24,5,15,20,
1581156023.834955541,8,59,93,173,169,180,189,195,190,174,171,163,172,181,164,168,178,204,225,216,223,228,242,244,288,66,7,10,23,18,24,5,0,6,3,71,8,11,24,21,22,5,14,18,
1581156023.844954283,8,61,88,293,300,313,333,348,355,369,391,401,399,410,416,435,450,458,467,457,455,469,468,458,452,65,8,10,22,18,23,6,0,7,1,67,6,12,23,19,21,3,15,19,
1581156023.854924371,8,61,79,461,482,487,502,513,514,528,546,553,564,579,591,608,619,617,610,615,622,632,639,633,641,64,7,11,23,18,23,3,1,5,1,60,6,10,19,16,18,4,14,17,
1581156023.864942957,8,60,74,650,653,640,648,645,633,627,640,645,637,641,627,622,650,644,637,614,594,604,622,646,665,63,8,11,23,18,22,3,3,5,0,51,4,8,16,17,18,2,13,16,
1581156023.874926344,8,59,68,644,642,628,663,643,634,644,648,649,657,657,641,636,617,616,614,611,603,594,595,583,554,60,8,12,22,17,20,2,2,2,0,47,3,8,14,15,16,0,12,15,
1581156023.884896904,8,61,61,560,578,555,535,557,557,557,578,607,606,580,584,590,615,599,597,617,621,630,650,679,697,57,7,12,20,15,19,4,2,2,0,43,2,7,14,15,15,0,11,13,
1581156023.894893289,8,61,52,687,699,706,710,709,712,730,722,716,729,723,717,723,719,729,750,766,768,766,761,759,770,54,7,11,20,15,18,1,3,2,0,35,1,7,12,11,12,1,10,11,
1581156023.904897628,8,62,42,783,793,809,833,843,845,848,851,858,856,852,858,877,882,882,883,888,874,861,864,876,881,49,7,10,17,13,17,1,2,0,2,28,2,5,10,10,10,1,9,11,
1581156023.914896790,8,64,32,884,884,877,881,885,893,901,898,889,902,918,930,938,922,892,891,883,885,889,887,866,833,42,7,10,14,10,13,0,5,0,2,23,3,5,7,9,9,1,7,8,
1581156023.924898172,8,66,25,821,821,824,819,809,791,796,802,801,789,771,788,768,763,758,761,765,760,749,757,762,731,37,5,8,13,10,12,0,4,0,1,18,3,4,5,8,6,1,6,7,
1581156023.934759886,8,64,25,715,706,674,646,630,621,585,566,547,543,513,499,475,470,464,472,478,464,439,450,473,482,31,7,7,11,8,10,1,4,1,1,19,3,4,6,7,6,1,6,7,
1581156023.944815155,8,67,23,481,481,457,460,449,467,458,441,412,403,394,396,379,366,333,315,318,326,299,269,254,235,27,5,5,10,7,8,2,3,1,2,24,5,6,9,8,6,0,6,6,
1581156023.954765424,7,70,23,229,228,233,230,207,201,214,204,186,179,185,185,176,165,159,153,126,124,111,106,97,81,23,4,4,8,5,6,4,3,2,1,26,4,6,9,6,8,1,4,6,
1581156023.964764772,8,70,26,45,26,0,15,29,55,54,71,100,109,106,131,136,151,157,163,167,178,172,213,233,217,22,2,6,8,5,5,4,3,1,1,34,7,6,12,8,8,1,5,7,
1581156023.974797416,8,72,32,234,244,225,230,245,257,269,295,291,305,319,333,364,390,398,410,399,406,441,453,449,478,22,1,2,6,5,4,4,2,3,0,42,7,8,15,10,11,1,5,7,
1581156023.984779346,8,71,38,467,455,482,506,518,516,518,511,516,499,516,534,513,506,527,525,513,505,507,478,490,506,25,4,4,8,5,4,4,1,1,0,47,7,6,16,10,12,1,5,7,
1581156023.994811767,8,71,42,502,498,493,501,503,513,499,497,492,487,481,475,482,476,446,445,468,433,417,401,383,383,33,5,5,12,6,8,4,1,0,1,44,5,7,14,10,10,4,6,9,
1581156024.004810086,8,72,44,397,377,361,356,341,332,334,336,340,321,313,314,307,299,311,309,309,315,342,335,323,303,36,3,6,12,7,10,4,1,1,1,44,6,8,12,10,11,3,7,7,
1581156024.014883096,8,72,48,315,301,295,308,302,287,307,334,322,316,321,336,326,335,351,349,361,373,372,378,395,395,38,4,7,13,9,11,4,1,0,1,45,6,6,14,10,11,4,7,10,
1581156024.024886901,7,70,54,410,412,416,424,432,450,477,485,473,493,491,516,543,557,533,535,537,557,572,576,582,596,42,5,6,15,10,12,3,1,1,1,49,6,7,14,10,12,4,7,10,
1581156024.034888394,8,71,59,608,618,628,628,653,658,654,665,676,663,668,658,640,644,664,667,666,642,623,608,589,582,47,4,7,16,9,15,3,0,2,2,55,6,7,17,13,15,4,9,11,
1581156024.044814752,7,70,64,593,571,562,554,549,538,530,516,527,523,523,527,533,521,536,529,545,545,544,537,532,539,50,4,7,18,13,15,1,0,2,2,57,4,9,17,12,15,6,10,12,
1581156024.054789131,8,73,69,551,549,550,569,576,572,576,602,591,586,590,589,566,572,588,574,577,580,578,576,582,576,54,5,8,19,14,16,2,1,3,2,56,5,7,17,13,15,5,10,12,
1581156024.064804532,8,73,75,584,571,568,571,575,580,574,572,571,572,571,568,557,558,557,551,549,554,551,548,567,574,60,7,8,23,14,21,1,0,5,3,56,2,8,16,13,14,5,10,14,
1581156024.074761815,8,74,80,574,564,576,571,571,589,586,591,591,602,608,610,609,612,623,627,629,623,621,613,608,620,64,8,11,24,15,21,1,0,5,4,55,3,6,17,14,14,6,11,14,
1581156024.084809081,8,75,87,643,641,638,651,650,633,645,658,656,663,668,657,657,660,648,637,641,626,624,641,633,628,69,6,11,27,17,23,0,0,8,5,58,1,7,17,14,15,9,11,15,
1581156024.094811539,8,78,90,610,613,614,616,617,618,612,592,588,591,592,586,587,583,559,551,543,540,543,534,515,508,73,8,12,26,18,24,1,0,7,4,61,1,6,18,16,16,9,12,17,
1581156024.104869584,8,78,93,502,492,496,502,504,491,483,475,455,463,448,433,422,412,405,403,386,385,372,361,357,360,75,8,11,28,19,25,1,1,8,6,63,3,7,19,17,17,8,13,16,
1581156024.114824126,8,78,94,347,331,336,339,305,304,305,288,270,281,276,275,261,252,249,241,217,224,236,232,217,217,74,8,12,25,16,24,0,1,7,6,66,2,8,20,16,18,7,13,16,
1581156024.124821800,7,78,98,232,223,228,244,250,245,244,282,293,313,325,331,331,335,350,366,386,385,401,408,401,406,73,7,12,27,18,24,1,0,8,4,67,4,8,20,16,19,9,14,17,
1581156024.134776988,7,77,104,434,447,462,470,473,467,477,473,483,491,505,505,514,524,512,494,499,510,516,505,496,488,75,8,12,28,18,27,3,2,10,7,70,2,9,23,18,21,8,14,20,
1581156024.144774470,7,77,103,468,455,445,449,422,404,391,376,354,333,327,306,303,287,273,243,214,193,185,184,172,164,75,8,12,28,20,25,3,4,9,6,77,3,10,25,20,21,9,14,18,
1581156024.154769160,8,80,101,140,134,104,96,91,65,62,59,39,39,28,19,18,12,4,18,1,19,0,13,37,36,71,5,11,25,18,22,3,3,7,6,82,7,13,28,21,24,8,13,19,
1581156024.164864115,8,82,102,40,29,23,19,27,31,39,48,31,16,25,36,22,2,13,32,36,49,70,68,89,121,68,4,11,23,17,22,3,1,7,5,84,9,13,29,21,26,8,15,18,
1581156024.174870401,8,84,106,123,128,141,149,163,171,180,188,209,227,248,256,260,265,275,300,298,298,292,296,307,327,65,6,10,21,17,21,3,2,5,5,88,9,16,31,24,27,8,16,20,
1581156024.184817841,8,83,109,329,319,307,315,323,333,329,332,326,327,340,333,340,355,349,360,356,340,340,323,335,337,64,5,9,23,19,19,3,4,7,6,92,9,16,31,23,28,9,15,20,
1581156024.194788714,8,85,110,328,312,296,288,292,284,270,261,255,252,243,224,219,214,193,193,189,173,148,126,124,94,68,6,11,25,18,23,5,4,8,6,86,7,14,29,23,26,9,16,19,
1581156024.204796721,8,85,108,76,66,56,31,19,32,31,20,29,27,28,28,26,10,4,1,12,23,15,10,25,38,72,6,11,26,20,25,6,3,9,6,79,6,12,27,22,24,8,14,19,
1581156024.214799039,8,86,108,35,34,41,55,47,48,57,59,54,41,51,44,16,13,6,10,15,5,13,19,18,17,75,6,12,27,19,27,3,1,9,6,73,2,10,24,20,21,7,15,20,
1581156024.224817068,8,88,111,18,34,35,54,62,61,80,81,93,106,115,122,140,148,155,163,175,173,166,173,166,165,79,9,12,30,21,28,6,2,11,6,70,3,8,22,20,21,8,15,20,
1581156024.234817424,8,90,113,173,186,201,207,203,216,215,219,240,255,255,235,240,250,242,232,243,239,222,230,225,198,81,8,13,29,22,28,6,2,11,6,74,3,10,25,21,24,8,15,21,
1581156024.244805106,8,91,111,189,193,187,182,171,178,165,133,122,105,88,72,76,69,27,2,11,25,48,42,71,99,76,7,13,28,22,27,6,2,10,6,81,5,12,28,22,26,10,16,21,
1581156024.254808278,8,92,106,118,142,156,172,180,191,203,242,254,243,246,260,267,285,291,290,294,303,305,301,311,296,73,6,12,26,20,25,5,4,9,6,80,4,13,28,21,24,8,16,20,
1581156024.264888440,8,91,102,295,333,340,351,357,372,369,363,381,383,376,373,384,385,385,381,381,383,367,375,375,365,72,5,12,24,20,24,4,2,9,5,77,5,12,27,20,24,7,14,18,
1581156024.274848955,7,92,101,359,358,360,341,334,330,336,324,307,283,275,268,258,251,239,239,238,228,227,238,222,215,72,6,12,24,18,24,3,2,7,4,71,4,11,23,20,21,7,16,18,
1581156024.284820514,8,92,101,207,203,187,177,167,156,150,140,128,106,115,100,70,73,62,56,37,50,32,14,19,30,74,8,11,27,19,26,5,0,9,5,64,3,9,20,17,20,7,14,19,
1581156024.294791919,8,91,99,22,19,24,31,30,19,45,50,51,52,83,107,120,122,123,133,138,137,155,160,139,131,78,10,13,29,22,29,5,0,10,4,58,0,7,18,17,18,7,15,18,
1581156024.304951776,7,92,97,124,144,132,120,134,136,136,142,146,153,163,157,162,169,181,188,195,208,209,189,172,196,78,10,12,29,22,27,6,0,11,4,57,0,9,19,16,18,8,14,20,
1581156024.314891803,7,92,95,208,201,182,199,206,212,221,234,227,213,223,232,232,231,230,244,235,253,252,255,255,267,77,9,14,29,18,27,6,1,9,3,56,0,8,18,17,18,7,15,18,
1581156024.324840531,7,91,93,265,271,278,273,265,261,275,261,266,249,259,261,260,243,249,239,229,236,254,256,235,229,77,10,13,29,21,28,5,0,9,5,50,0,6,15,15,17,5,13,17,
1581156024.334829244,7,93,89,245,262,256,272,264,250,262,264,273,286,264,270,293,293,281,274,284,291,292,289,294,283,76,10,13,29,20,29,5,1,9,3,48,0,7,14,16,14,5,13,18,
1581156024.344824369,7,95,85,288,305,309,314,309,301,309,318,324,329,332,324,320,337,359,356,357,366,377,376,388,412,75,10,12,29,19,26,4,0,7,2,45,0,6,15,14,15,5,14,17,
1581156024.354800514,8,95,81,431,423,422,409,409,413,428,451,446,428,417,415,426,429,437,427,424,430,443,441,453,450,73,10,12,28,20,26,5,2,6,2,44,1,8,13,14,14,3,13,17,
1581156024.364837446,7,93,73,450,455,473,481,495,517,522,534,567,563,565,567,574,569,586,588,587,607,616,615,621,630,67,10,12,25,18,25,3,3,5,1,45,1,9,15,15,15,1,13,16,
1581156024.374908659,7,97,68,625,621,623,621,602,596,609,612,594,603,556,566,594,624,585,541,542,565,582,553,540,514,59,7,11,22,15,21,2,2,2,0,51,6,9,17,16,17,0,11,14,
1581156024.384806588,8,98,66,535,551,568,535,508,492,505,540,539,509,479,458,461,457,448,424,389,368,365,343,312,297,49,7,8,17,14,17,1,1,1,1,56,7,12,20,17,19,1,12,15,
1581156024.394839659,7,99,62,278,272,273,265,267,287,298,313,321,325,342,359,369,369,403,418,421,426,441,455,453,480,47,5,8,16,12,16,1,1,0,1,59,9,14,20,18,20,1,12,15,
1581156024.404861080,7,99,52,490,496,498,524,517,525,530,526,526,540,553,555,575,579,586,635,659,684,702,724,739,759,39,4,7,13,12,13,1,2,1,1,58,10,12,20,16,19,0,11,13,
1581156024.414831416,7,97,43,786,817,836,844,864,865,879,889,895,879,866,861,859,859,840,813,794,786,785,780,778,788,33,4,7,11,10,11,2,3,2,1,47,8,11,16,15,15,0,10,11,
1581156024.424981970,7,97,33,797,800,824,829,834,843,850,883,902,901,897,881,891,910,900,911,874,844,836,824,804,780,31,4,6,11,10,9,1,3,2,3,38,7,8,11,10,13,1,9,10,
1581156024.434983582,7,94,27,764,741,725,718,701,680,686,694,698,685,679,675,678,686,712,725,718,717,725,728,710,693,27,3,6,9,9,8,1,3,0,3,32,7,8,11,10,11,1,9,10,
1581156024.444845838,8,97,24,688,679,669,664,662,628,604,594,596,605,596,578,562,546,551,549,543,536,521,534,547,546,22,4,6,8,7,7,2,3,2,2,31,7,8,11,9,10,0,7,7,
1581156024.454814445,7,99,21,536,520,516,518,531,546,544,530,527,517,511,499,495,482,476,477,463,447,403,398,389,391,18,2,4,6,5,6,3,3,2,2,29,7,6,10,7,9,1,5,5,
1581156024.464840333,7,98,22,381,364,321,321,316,322,310,301,283,272,264,273,238,226,200,160,163,176,157,131,106,122,17,4,4,6,4,5,2,2,3,2,32,7,6,10,8,7,1,5,5,
1581156024.474836521,8,97,25,115,106,96,86,38,22,33,3,29,38,54,77,82,94,142,154,161,169,185,213,219,233,18,2,3,5,5,5,4,3,2,2,32,4,7,10,6,7,1,5,5,
1581156024.484857357,8,97,31,250,265,278,290,318,321,303,307,316,327,370,361,372,381,394,419,451,454,455,481,515,528,25,5,4,9,6,6,4,0,2,0,31,3,4,10,6,8,1,6,7,
1581156024.494854030,7,97,38,539,549,557,577,602,618,622,607,617,641,662,666,652,651,650,643,657,656,667,676,666,657,33,5,5,12,7,10,3,1,0,1,36,5,5,11,8,8,2,6,8,
1581156024.504834432,7,97,44,657,633,631,627,621,623,624,601,593,585,579,585,583,582,587,596,584,562,576,583,562,579,36,5,5,12,9,11,3,1,0,0,41,4,5,11,8,9,3,7,7,
1581156024.514949346,8,98,48,584,557,558,551,535,556,557,540,543,516,499,501,496,491,489,494,483,489,484,482,496,496,40,5,7,14,9,11,4,0,0,0,45,3,5,13,9,9,3,7,9,
1581156024.524924195,7,98,53,485,481,491,484,490,489,502,494,519,521,528,523,514,512,500,499,496,498,484,483,474,476,43,5,6,14,9,13,3,1,0,1,48,4,7,13,11,11,5,8,9,
1581156024.534864509,7,98,57,456,450,459,469,456,450,464,452,457,466,459,470,476,507,506,512,529,535,538,562,573,576,46,4,7,16,10,13,3,2,2,2,50,4,6,14,10,11,4,7,9,
1581156024.544838947,7,95,62,575,575,571,578,585,580,590,595,626,633,619,607,609,618,610,616,638,635,614,615,617,631,51,6,9,19,9,15,4,0,2,2,54,4,8,15,12,13,5,9,12,
1581156024.554831436,7,97,68,637,639,628,616,612,595,604,595,581,576,585,586,593,587,573,560,556,567,577,565,566,557,55,6,10,20,12,18,2,0,2,3,56,4,8,17,11,14,7,9,11,
1581156024.564850631,7,97,73,566,571,558,567,579,573,565,586,559,545,549,557,562,570,577,575,569,572,577,579,568,575,56,6,8,19,12,18,2,0,2,3,60,4,8,19,13,15,5,10,13,
1581156024.574914272,6,100,78,577,566,564,564,569,589,586,590,591,582,585,590,574,572,568,558,557,543,534,540,528,513,60,5,9,22,14,19,2,2,4,4,63,4,9,19,14,16,8,11,14,
1581156024.584920229,7,99,83,523,532,540,546,550,546,547,544,550,575,586,546,572,601,591,579,604,610,575,581,599,592,64,6,10,23,15,21,3,0,5,3,64,4,6,19,14,15,7,11,16,
1581156024.594855366,7,100,90,581,584,580,586,593,602,609,608,601,613,620,616,625,643,657,658,653,639,645,645,647,654,67,7,10,24,17,22,1,2,6,4,65,3,8,18,14,15,9,11,16,
1581156024.604934049,8,99,93,681,647,640,634,629,591,589,588,568,560,570,553,530,536,554,533,512,514,504,484,493,480,72,6,12,28,16,24,0,1,8,5,65,1,7,19,14,15,9,12,16,
1581156024.614878609,7,101,95,484,466,458,447,442,419,432,424,419,398,389,404,385,389,388,370,361,376,364,367,384,388,76,8,12,29,20,27,1,0,9,7,61,1,6,16,13,15,10,12,16,
1581156024.624890169,7,99,98,402,394,369,388,372,362,379,364,348,349,341,334,332,324,328,307,292,285,276,274,256,247,82,8,12,29,20,29,0,0,10,6,58,1,6,15,13,15,11,11,17,
1581156024.634838976,7,101,98,260,250,255,245,238,233,225,223,242,232,223,224,236,236,227,232,217,220,205,208,207,200,83,10,15,30,20,29,1,2,10,7,58,2,4,15,14,13,10,13,15,
1581156024.644832329,7,103,102,194,192,201,220,230,216,233,241,216,217,257,247,252,286,289,303,304,319,322,318,334,361,81,9,14,31,20,28,2,2,9,7,61,0,6,17,13,15,9,13,17,
1581156024.654831075,7,104,106,364,356,335,351,363,353,356,366,365,356,352,371,367,367,372,384,374,363,363,368,357,354,82,7,13,31,21,29,3,2,10,8,67,1,6,20,16,18,11,13,17,
1581156024.664846507,6,104,104,337,330,326,302,289,273,249,234,221,210,186,161,135,116,90,67,41,34,22,0,6,21,81,7,13,30,20,28,3,1,9,8,69,1,8,21,17,19,10,15,18,
1581156024.674826991,7,105,101,52,78,87,88,99,108,114,127,130,123,129,158,168,171,173,185,196,207,201,196,211,204,80,7,14,31,19,29,3,2,12,7,65,0,7,18,16,17,10,14,17,
1581156024.684837743,7,104,100,193,195,201,196,186,182,159,135,115,136,129,113,94,92,82,78,57,63,63,43,44,25,81,8,12,30,20,29,2,2,9,6,61,0,7,19,15,16,11,13,17,
1581156024.694864361,6,102,103,7,14,10,12,30,50,69,90,118,114,129,149,168,157,157,172,161,158,161,164,163,171,81,8,14,31,21,29,2,2,11,7,63,0,7,17,16,17,10,14,18,
1581156024.704866299,7,102,105,158,170,164,161,155,167,149,151,176,182,160,156,159,155,152,152,145,121,114,96,103,107,82,7,14,31,20,29,4,1,12,5,64,0,8,18,15,17,10,13,19,
1581156024.714933556,7,103,103,87,63,68,68,79,42,32,26,10,7,16,23,22,34,48,55,56,71,75,77,75,94,81,10,14,30,21,27,2,1,10,7,64,1,7,19,16,17,8,14,17,
1581156024.724934632,6,105,101,95,104,107,97,82,82,80,80,89,78,76,76,88,101,102,106,107,116,109,111,103,101,79,10,12,30,20,27,3,2,9,6,64,1,8,19,17,17,8,14,18,
1581156024.734859359,6,105,101,91,98,85,73,65,59,47,48,48,63,65,64,71,71,76,82,81,71,66,73,72,79,78,8,13,28,20,27,4,1,10,5,64,0,8,20,15,18,9,14,18,
1581156024.744876107,6,106,102,77,72,62,42,45,47,19,1,3,1,19,27,23,29,36,40,38,58,56,28,52,43,77,8,14,30,19,27,3,1,10,4,63,0,8,19,18,18,7,13,20,
1581156024.754861888,7,107,102,48,56,75,84,86,76,70,77,79,75,81,91,91,92,84,73,65,56,48,29,26,21,77,10,12,28,21,26,3,1,10,6,65,3,9,20,18,19,8,16,18,
1581156024.764903319,6,108,99,3,25,31,52,65,71,65,72,93,106,125,129,137,138,165,196,220,208,203,213,251,245,77,7,12,28,20,26,5,0,10,5,67,3,9,22,17,21,8,15,19,
1581156024.774904210,7,109,93,278,307,322,318,332,366,375,377,392,400,413,409,420,433,432,426,445,436,409,393,421,414,70,8,11,23,18,22,4,1,7,4,73,6,10,23,19,22,5,14,18,
1581156024.784849507,7,110,91,395,391,384,373,378,380,378,357,348,342,358,356,346,343,326,331,326,309,308,303,297,297,62,6,7,21,16,20,2,1,4,2,77,7,13,26,21,22,5,14,17,
1581156024.794861331,7,110,90,293,294,268,284,289,270,248,223,205,190,203,197,168,146,135,125,122,135,127,107,101,122,58,6,10,19,16,18,2,0,3,3,81,10,13,28,20,24,5,15,18,
1581156024.804885719,6,109,88,122,128,126,128,105,137,156,167,148,139,148,162,178,177,180,176,168,175,175,169,146,159,56,4,7,19,15,19,2,2,4,1,80,9,15,28,21,26,5,14,18,
1581156024.814919474,6,108,84,179,195,190,196,198,196,202,230,242,244,245,266,278,286,300,308,325,329,349,368,367,374,55,3,7,19,15,17,2,1,3,1,77,9,14,26,20,23,5,14,17,
1581156024.824902553,7,109,79,396,401,400,412,409,400,387,408,410,411,416,418,422,433,433,439,437,418,434,446,441,421,54,3,9,18,14,17,1,0,4,1,71,8,12,24,19,21,2,14,17,
1581156024.834977744,6,107,77,421,427,440,441,425,424,401,404,416,429,423,419,424,412,407,409,416,395,365,366,386,380,54,6,9,18,14,17,2,1,2,0,66,7,12,21,17,21,3,13,15,
1581156024.844965144,5,108,72,370,388,400,402,394,406,411,398,396,413,408,396,396,392,378,372,376,379,370,343,331,334,54,5,7,18,13,18,0,1,2,1,64,7,11,22,17,19,2,13,15,
1581156024.854908741,5,108,71,315,317,329,343,306,282,284,288,286,278,281,269,277,285,292,289,294,296,309,315,339,347,51,6,9,16,14,16,1,1,2,0,63,7,11,22,17,18,0,12,13,
1581156024.864890872,6,110,66,364,369,363,361,366,360,351,365,358,347,324,341,352,354,361,372,378,378,390,396,417,437,48,6,7,15,13,15,2,2,2,0,61,7,11,19,16,18,1,13,14,
1581156024.874920489,6,110,58,456,474,486,511,539,545,557,584,587,592,614,637,633,639,644,630,628,622,623,631,632,637,45,4,7,15,12,14,0,1,0,1,57,8,10,20,15,18,0,10,13,
1581156024.884847413,6,111,50,628,626,622,604,614,626,627,632,638,640,644,635,647,653,664,669,677,678,684,701,696,687,40,5,8,14,11,13,1,1,0,1,52,9,10,17,15,16,0,10,11,
1581156024.894901602,6,112,45,685,678,673,660,653,653,642,629,628,611,599,594,603,601,612,618,591,583,603,600,605,609,37,4,6,12,10,12,0,2,0,1,44,6,9,15,13,13,1,8,10,
1581156024.904874744,7,110,40,595,588,586,589,591,589,594,575,576,565,575,568,560,546,541,542,518,506,512,522,514,496,36,5,7,13,10,12,0,3,0,3,35,4,7,11,11,10,1,9,11,
1581156024.914944108,6,110,37,479,472,469,491,492,482,475,475,457,442,427,434,430,432,448,463,459,455,451,451,461,479,36,7,7,12,10,12,1,3,0,2,28,4,5,10,9,10,0,7,10,
1581156024.924940682,6,111,30,491,481,483,482,505,508,521,542,546,541,547,551,552,551,569,571,560,566,566,563,575,583,35,7,6,12,10,11,0,4,0,3,24,1,6,7,9,10,1,8,9,
1581156024.934946174,6,110,23,580,596,612,623,629,627,624,622,607,629,652,649,677,653,655,668,666,670,662,650,638,619,31,5,6,11,8,9,1,3,0,1,18,3,5,5,6,7,1,7,7,
1581156024.944896984,5,110,20,597,610,605,593,592,600,598,580,568,548,525,523,545,549,541,515,497,486,497,485,484,479,27,5,7,10,7,10,2,3,0,1,15,4,4,4,6,5,1,4,5,
1581156024.954872637,5,110,18,445,443,462,480,464,446,436,432,440,429,426,398,399,385,376,378,356,325,313,305,264,266,22,5,4,8,5,6,1,3,2,1,18,4,4,6,5,5,2,5,6,
1581156024.964873222,6,111,18,266,248,241,237,220,212,179,182,180,173,159,145,137,139,118,114,131,108,113,124,102,79,22,5,4,7,5,6,2,4,1,1,18,2,4,6,5,5,0,5,6,
1581156024.974883675,6,111,20,71,59,85,71,49,47,23,4,14,15,26,67,81,69,73,64,76,79,100,106,88,78,25,3,6,8,5,7,2,3,0,1,16,4,3,4,4,4,0,4,6,
1581156024.984821918,6,111,23,89,89,102,70,65,66,48,63,70,70,77,82,108,137,125,127,164,167,157,169,193,187,26,5,6,9,6,8,4,2,0,0,18,2,3,5,4,5,0,5,4,
1581156024.994938948,6,111,26,195,208,206,214,211,203,212,223,237,234,239,239,246,268,281,293,305,298,302,336,355,350,27,4,5,8,6,7,4,3,1,1,24,3,3,7,6,4,1,3,5,
1581156025.004876528,6,111,33,383,387,377,391,419,424,456,469,474,469,480,512,529,529,524,530,550,558,556,558,567,561,30,3,5,10,7,9,4,2,0,0,28,3,4,8,6,7,2,6,8,
1581156025.014874408,5,111,41,567,600,599,579,595,615,625,624,629,633,629,645,689,724,719,708,716,728,726,738,751,745,34,5,5,12,8,11,4,2,0,0,35,5,6,11,8,8,3,6,7,
1581156025.024881696,6,110,45,749,744,746,732,714,716,728,721,705,694,657,625,618,613,598,606,577,540,524,528,492,484,38,5,6,14,8,12,4,2,0,1,44,5,6,13,9,10,4,7,7,
1581156025.034856036,6,108,47,500,516,508,494,468,453,441,461,462,433,399,396,394,377,382,374,355,339,339,343,323,327,40,5,6,14,9,11,3,1,0,0,44,4,7,13,10,11,2,7,10,
1581156025.044901341,6,107,51,332,338,302,312,325,330,300,320,329,332,326,334,340,361,381,384,395,406,425,439,470,469,41,5,6,15,10,12,3,1,1,0,44,4,6,14,8,11,2,7,9,
1581156025.054868694,6,107,58,478,496,525,532,536,546,533,540,557,578,574,571,575,582,584,605,622,629,622,634,649,652,47,6,7,17,12,14,3,1,2,1,45,4,7,13,11,12,4,9,9,
1581156025.064888384,6,108,64,651,655,674,694,707,714,700,689,693,682,698,691,675,650,650,649,660,653,637,624,637,622,52,7,8,19,14,16,2,0,2,1,49,4,6,15,11,13,4,10,13,
1581156025.074898210,6,110,68,596,600,580,582,605,617,612,612,621,610,611,602,601,603,585,563,568,561,563,554,544,537,54,7,7,19,12,18,2,1,4,0,52,3,7,16,11,14,5,10,13,
1581156025.084901539,5,110,72,533,532,536,525,510,526,500,472,477,484,463,465,457,441,431,438,432,440,447,434,442,438,60,7,11,22,15,20,1,0,3,3,52,3,7,15,13,15,5,10,13,
1581156025.094894441,6,110,76,439,434,425,425,426,435,425,419,433,433,435,448,452,446,452,462,468,445,442,422,432,441,61,7,10,22,15,20,0,1,3,2,56,4,8,16,13,14,6,11,14,
1581156025.104889058,5,110,77,429,422,410,397,395,409,403,379,386,366,352,350,348,333,335,326,333,315,310,295,304,304,61,5,10,21,14,20,0,0,4,1,61,3,7,18,14,17,5,11,14,
1581156025.114834388,5,110,79,292,276,267,277,284,276,239,254,227,242,253,246,240,233,241,251,260,245,258,252,249,279,61,7,10,21,16,21,0,0,3,3,62,6,8,20,16,17,6,12,16,
1581156025.124899766,5,111,81,291,283,276,269,273,285,309,314,286,271,277,289,292,285,270,272,253,244,262,258,244,226,62,5,8,22,14,20,0,0,5,3,65,5,9,20,15,18,5,12,16,
1581156025.134966181,5,113,81,221,220,212,199,179,159,135,127,138,116,105,124,107,93,90,97,99,90,96,101,101,98,58,5,10,20,15,20,1,1,3,2,68,7,11,21,16,19,5,11,15,
1581156025.144901384,5,112,82,122,142,140,121,125,125,102,102,97,98,96,83,79,65,54,65,70,63,68,78,92,96,59,5,10,19,15,19,1,0,3,2,69,6,10,23,18,18,6,13,14,
1581156025.154904593,6,109,85,116,125,150,146,157,170,197,193,203,202,195,206,219,244,246,236,240,238,247,265,272,268,60,6,9,21,16,19,1,0,3,3,67,6,11,22,17,20,4,11,16,
1581156025.164907032,6,110,90,278,287,288,302,314,322,339,339,333,334,331,345,374,376,385,391,396,413,423,434,443,444,61,5,10,22,16,22,1,1,5,3,68,6,12,23,17,21,6,14,18,
1581156025.174940858,6,110,95,459,471,472,475,480,481,504,526,534,524,531,532,536,540,540,528,542,531,532,537,539,526,64,7,11,23,17,22,2,1,5,3,71,4,11,23,19,21,6,13,18,
1581156025.184861586,6,108,101,539,541,561,561,563,557,561,558,565,585,575,579,568,566,564,553,535,523,515,506,496,473,68,7,11,25,18,24,3,2,7,4,71,5,11,21,18,22,8,14,17,
1581156025.194925552,6,110,101,460,464,452,424,412,402,397,384,372,373,350,336,348,332,319,319,298,272,272,275,268,272,72,6,12,27,20,26,4,2,8,6,71,3,10,23,19,21,7,13,19,
1581156025.204888118,5,111,102,249,251,247,240,222,200,206,203,196,198,178,142,166,160,155,164,170,135,120,136,152,138,70,6,11,25,18,24,4,2,8,5,73,5,10,24,20,22,7,15,20,
1581156025.214903610,5,114,102,113,86,88,100,100,119,116,101,102,116,102,95,96,96,72,78,69,42,24,42,48,38,70,7,11,26,18,25,6,1,7,4,78,7,13,27,21,24,6,13,18,
1581156025.224930717,5,116,100,29,27,23,5,14,3,11,21,16,7,17,18,5,6,6,9,2,12,15,22,28,33,62,4,11,22,16,21,3,3,6,4,87,11,16,31,23,27,5,15,19,
1581156025.234910894,5,115,99,4,11,22,40,42,27,29,16,18,7,13,20,5,11,11,12,28,47,64,56,41,33,54,4,8,19,16,18,2,4,3,4,96,12,18,34,24,31,7,17,17,
1581156025.244895551,5,117,97,44,66,83,85,80,82,78,94,104,113,105,124,121,137,145,146,162,171,175,184,191,195,51,0,7,16,16,17,4,4,3,3,97,13,19,36,24,29,7,15,20,
1581156025.255027545,5,115,93,207,216,235,227,218,232,256,270,279,261,257,267,284,307,311,300,316,326,325,334,336,342,51,2,7,17,14,17,4,3,2,2,93,14,19,36,24,29,4,16,18,
1581156025.264986959,5,115,90,326,326,340,340,342,336,333,353,365,340,321,299,306,310,312,296,291,272,269,274,275,263,50,2,7,16,15,14,2,2,0,3,92,14,18,33,25,29,4,14,18,
1581156025.274891233,5,117,92,219,201,222,200,172,154,161,136,150,135,115,75,67,78,75,49,53,30,0,8,14,46,45,0,6,15,13,14,2,2,2,1,92,14,18,34,25,30,5,15,18,
1581156025.284880109,5,116,95,60,87,101,124,135,157,152,165,169,182,188,215,207,187,192,175,175,184,194,190,183,182,46,1,7,15,14,14,4,4,1,1,96,15,19,34,24,31,4,14,19,
1581156025.294891029,5,118,93,187,187,176,150,132,123,132,102,59,62,32,5,11,19,50,92,88,106,144,165,187,192,48,1,5,15,13,15,4,4,1,4,98,15,18,36,24,31,4,16,17,
1581156025.304898367,5,117,84,220,242,256,285,327,339,340,348,366,396,403,424,443,445,450,457,478,498,495,498,508,505,46,1,6,15,13,14,3,3,2,2,90,14,17,32,24,27,4,13,18,
1581156025.314971275,5,118,81,513,530,539,529,531,542,563,556,566,552,518,507,523,531,515,513,504,480,470,454,451,447,48,2,7,15,12,16,2,0,2,1,76,9,12,25,20,24,3,13,16,
1581156025.324938913,6,115,77,459,480,457,423,392,415,426,422,412,400,391,392,410,392,381,374,390,394,386,380,370,349,51,5,9,19,15,18,1,0,2,1,67,6,12,22,16,20,2,14,15,
1581156025.334925907,5,114,77,347,349,359,332,304,306,284,264,248,234,229,219,207,217,196,180,171,192,199,186,194,198,55,7,10,20,15,19,2,0,1,2,61,7,11,19,18,18,2,13,15,
1581156025.344930799,5,114,75,199,212,217,230,224,225,241,229,215,217,203,199,212,227,216,211,181,171,169,170,172,148,57,6,10,20,16,20,1,0,3,1,56,6,9,18,16,17,2,13,16,
1581156025.354924202,5,114,71,161,166,152,140,138,155,194,206,209,209,220,236,265,294,292,287,296,296,309,335,336,318,58,8,9,22,16,20,1,1,4,0,50,4,8,15,15,15,1,12,16,
1581156025.364988164,5,116,69,304,297,313,320,339,333,330,299,297,283,291,313,301,293,311,322,286,307,337,346,355,361,58,8,11,21,17,20,2,2,3,0,48,5,7,15,13,14,2,13,13,
1581156025.374948770,5,113,63,375,382,390,399,408,431,434,427,444,450,464,463,452,426,439,452,447,456,446,438,431,447,55,7,10,19,15,19,1,2,1,0,43,4,8,13,13,14,0,11,14,
1581156025.384982359,5,113,57,459,469,471,456,441,452,469,464,482,493,502,503,531,557,538,554,592,587,585,568,563,585,56,8,10,21,14,20,1,3,2,0,35,2,6,10,11,12,0,11,12,
1581156025.394928160,5,116,51,600,591,579,583,557,550,575,566,526,514,529,544,553,561,540,531,564,573,583,574,602,669,53,8,11,18,14,19,1,2,2,2,27,1,4,8,10,10,0,9,12,
1581156025.404910295,5,116,41,688,694,707,697,698,725,775,788,777,776,765,769,762,758,756,727,738,741,759,761,751,736,49,8,10,18,12,17,2,4,0,1,24,3,5,7,9,9,0,8,10,
1581156025.414964371,5,114,31,759,758,782,791,793,800,820,840,860,856,867,883,876,876,896,907,900,894,883,864,857,847,41,7,9,15,10,15,0,4,0,2,19,4,5,6,8,8,1,7,8,
1581156025.424887632,5,114,22,840,841,821,783,776,771,768,767,783,792,802,833,835,846,860,840,825,850,865,862,846,847,31,6,7,10,9,10,1,2,0,3,21,4,6,6,7,9,1,7,7,
1581156025.434927891,5,110,18,822,809,794,803,797,783,753,733,738,742,729,704,714,699,697,695,685,677,665,639,680,681,19,4,4,7,6,6,2,2,2,2,24,6,5,8,6,7,1,6,5,
1581156025.445037888,5,109,15,694,667,646,629,645,630,609,592,565,555,554,550,517,491,457,442,435,466,443,398,383,366,11,1,3,2,3,3,2,2,3,2,25,7,6,9,6,9,2,4,5,
1581156025.455034860,5,110,15,366,387,363,345,346,347,332,344,336,316,305,309,280,267,236,228,220,200,189,170,143,135,10,2,3,3,4,2,3,2,4,2,24,5,5,9,6,8,0,4,4,
1581156025.465036703,5,111,15,122,115,93,95,70,62,88,69,42,57,51,49,72,72,60,67,74,54,70,68,58,38,13,1,2,2,3,3,3,0,4,2,25,4,6,8,5,7,0,5,5,
1581156025.474939233,5,112,18,45,52,37,18,36,20,23,11,2,58,82,88,93,111,115,133,185,205,204,201,212,238,15,2,4,5,3,3,3,2,3,1,25,5,6,8,4,7,0,3,4,
1581156025.484912676,5,109,22,259,253,259,236,209,217,238,238,240,219,207,218,233,227,239,233,240,255,292,305,314,332,18,3,3,4,4,5,5,2,2,1,29,5,5,8,6,6,0,5,4,
1581156025.494940486,5,108,28,364,359,389,421,432,427,433,465,468,476,488,508,500,500,486,477,472,480,472,472,468,466,20,3,4,5,4,6,4,1,0,1,33,6,6,11,6,8,0,5,6,
1581156025.504993914,4,107,34,461,486,481,489,494,496,483,508,524,516,532,546,538,544,572,562,581,592,588,591,596,597,24,2,5,6,5,7,4,2,2,0,38,5,8,12,10,10,0,6,6,
1581156025.515042089,5,108,38,580,577,568,577,572,572,568,573,550,554,530,524,528,537,538,528,506,495,502,484,478,487,29,2,5,10,6,8,3,1,0,0,41,4,8,11,9,10,1,6,9,
1581156025.525067987,5,105,41,484,475,465,455,458,449,458,478,466,443,430,433,410,428,411,415,414,420,409,412,401,390,34,3,5,11,7,10,5,1,0,1,40,5,6,12,8,10,2,5,8,
1581156025.534945353,5,105,46,388,385,370,365,369,363,373,389,375,361,367,380,376,383,387,382,381,416,446,442,442,435,40,4,5,12,8,10,3,1,0,0,37,2,4,11,8,9,3,7,7,
1581156025.544899207,5,105,51,448,457,478,498,494,497,520,531,526,552,555,557,558,575,573,582,560,557,569,581,595,599,45,5,8,16,10,13,4,1,1,1,37,1,4,11,8,9,4,7,10,
1581156025.554933781,5,104,58,597,586,597,595,606,622,618,628,628,624,624,636,640,643,643,642,638,651,658,649,656,655,50,7,9,19,11,17,3,1,4,1,38,1,4,9,9,8,4,7,11,
1581156025.564929144,5,105,61,639,629,630,612,618,614,608,586,582,581,581,567,556,549,547,538,526,538,522,513,518,507,56,6,9,19,11,16,2,1,4,3,41,1,5,11,9,10,5,9,11,
1581156025.574934504,5,106,63,492,511,496,459,452,455,434,430,425,420,400,380,383,383,366,351,352,344,332,326,347,342,57,7,9,20,13,19,1,0,3,1,45,1,4,11,10,10,5,9,12,
1581156025.584942488,5,105,66,323,314,312,301,313,318,316,307,276,281,295,286,288,303,282,269,256,258,253,270,257,250,60,6,8,22,15,19,1,0,5,2,43,0,4,10,9,9,5,9,12,
1581156025.594924465,5,103,69,267,255,270,276,260,277,284,293,321,313,307,307,335,334,334,339,338,331,335,342,344,326,62,7,11,23,14,21,2,1,6,1,40,0,4,10,10,9,6,10,12,
1581156025.604934631,5,104,74,317,334,331,329,339,350,356,363,380,372,363,374,404,434,429,418,440,439,450,451,461,457,64,8,10,23,16,22,1,1,5,2,43,0,4,10,11,9,7,10,13,
1581156025.615010422,5,104,78,474,474,479,489,508,511,522,509,535,544,548,552,543,538,544,517,532,565,554,538,533,524,68,8,12,25,17,23,0,0,7,3,46,0,5,11,11,11,7,11,13,
1581156025.624953028,5,105,81,508,495,500,490,483,482,483,474,468,459,456,436,434,443,425,408,406,410,385,359,361,352,68,7,11,26,16,24,0,0,7,3,56,1,8,16,13,13,8,11,15,
1581156025.634947805,4,106,82,326,313,306,302,294,266,267,278,274,255,247,246,240,223,219,244,245,242,267,259,255,265,63,7,10,23,16,21,1,1,5,3,67,6,10,20,15,18,5,12,16,
1581156025.644935054,4,106,85,290,278,270,299,314,323,325,329,335,346,338,330,322,322,325,335,315,313,326,322,319,310,55,2,7,19,14,16,0,2,3,3,80,9,13,28,20,23,6,12,15,
1581156025.654936420,4,105,87,324,323,332,325,323,299,291,313,289,299,313,283,270,270,266,255,250,239,248,234,235,219,50,3,6,17,13,14,0,2,3,4,88,10,15,31,20,26,7,13,16,
1581156025.664946859,5,104,90,221,218,243,222,209,217,212,209,224,205,207,216,224,230,233,235,231,241,230,227,250,255,48,0,6,15,13,14,0,4,2,3,91,13,14,31,22,26,7,14,17,
1581156025.674945622,4,105,93,266,251,255,275,285,292,293,305,312,309,318,320,328,332,343,348,348,366,371,358,367,352,48,1,5,16,13,14,1,4,1,4,93,11,16,32,23,29,7,13,18,
1581156025.684907252,5,102,95,346,343,340,351,348,335,318,308,313,312,307,291,285,263,250,252,248,212,201,202,200,187,50,0,7,16,12,16,2,3,4,4,93,12,16,32,23,27,8,14,18,
1581156025.695012338,4,104,94,173,157,159,145,147,134,128,116,119,126,119,107,95,73,64,58,57,51,29,26,14,28,52,3,7,17,13,15,1,4,3,4,89,10,16,31,20,26,7,14,16,
1581156025.704957228,4,103,93,24,4,12,12,17,20,0,15,35,17,15,1,4,4,11,1,11,25,36,46,74,92,57,2,7,19,15,17,1,2,4,3,86,10,15,29,20,22,7,12,17,
1581156025.715031888,5,103,99,110,125,156,141,168,206,232,239,257,282,285,301,322,324,326,344,343,372,379,379,393,405,58,2,8,20,15,19,1,2,5,4,85,7,14,28,20,25,8,14,18,
1581156025.724930839,5,104,104,417,420,412,439,435,456,474,469,466,478,484,477,492,496,489,470,482,469,459,463,449,437,64,4,11,22,16,21,3,3,5,4,83,7,13,27,21,24,7,14,20,
1581156025.734917253,4,106,103,434,429,401,391,359,350,345,337,335,319,298,256,251,245,232,215,210,188,159,141,146,128,69,4,10,26,18,24,4,3,7,7,81,6,11,26,20,23,9,14,18,
1581156025.744921605,4,106,101,117,110,86,66,29,31,31,4,14,28,42,52,59,60,75,77,83,80,93,97,106,98,70,7,10,26,18,25,3,2,7,6,78,4,11,25,19,21,8,15,18,
1581156025.754942665,5,107,99,91,98,106,113,131,136,130,133,142,142,143,137,132,139,141,133,147,137,126,130,127,143,70,6,11,25,18,25,3,3,6,6,74,4,10,24,17,21,8,15,18,
1581156025.765011938,4,108,99,126,136,139,136,141,144,125,128,118,109,112,92,67,77,94,101,80,71,54,59,42,72,71,6,12,25,19,24,1,2,6,4,72,3,10,21,18,19,7,14,18,
1581156025.774938768,5,106,98,63,54,49,64,81,71,77,64,43,68,89,75,41,39,37,40,41,45,43,36,23,20,73,7,12,27,18,25,3,1,8,6,69,4,8,21,18,19,8,15,18,
1581156025.785016230,4,105,99,16,27,23,29,28,13,23,19,11,16,21,25,21,31,39,55,55,68,69,68,69,87,74,8,10,26,19,26,3,2,7,5,66,2,10,19,18,18,7,12,18,
1581156025.794956558,4,104,94,115,109,115,137,156,150,155,163,162,170,180,191,190,196,191,217,227,231,253,267,277,285,75,7,13,28,18,25,3,2,7,4,63,3,8,19,18,17,8,14,18,
1581156025.804915545,4,104,89,295,311,317,321,333,350,361,363,396,398,386,388,388,387,382,403,387,400,392,378,364,358,73,7,12,26,18,25,2,0,5,2,63,3,9,19,18,18,6,14,16,
1581156025.815007421,4,107,90,347,336,321,328,321,309,303,290,277,256,244,227,220,234,224,209,195,190,181,162,164,147,66,7,10,25,17,23,2,0,5,3,67,3,9,20,18,18,5,13,18,
1581156025.824960914,4,108,91,150,139,113,93,96,82,63,55,44,33,36,24,20,12,1,3,4,19,0,8,7,17,64,7,10,22,17,21,2,0,5,1,72,5,11,23,19,21,4,14,17,
1581156025.835007255,4,110,91,9,15,16,24,22,15,15,23,29,16,3,11,7,0,12,30,34,16,11,7,6,1,59,4,10,21,17,20,4,1,4,3,80,10,14,27,22,24,4,14,19,
1581156025.844984862,4,110,87,11,32,44,42,49,60,66,91,121,141,140,160,171,191,216,231,254,258,266,285,313,308,53,4,8,18,16,17,2,2,1,1,84,11,15,30,21,26,3,15,18,
1581156025.854983079,4,108,80,335,356,353,370,378,380,378,399,416,429,436,442,441,449,472,474,498,519,516,534,562,565,44,1,7,15,13,14,2,1,0,1,85,12,15,30,23,25,4,14,15,
1581156025.864992774,4,106,72,580,600,610,619,635,650,655,661,660,664,663,662,669,657,638,630,630,621,615,600,583,572,39,1,6,12,12,13,2,1,1,1,82,13,16,28,21,25,1,14,16,
1581156025.875010010,4,108,66,580,570,562,554,550,555,553,555,557,561,570,591,592,590,590,601,587,598,609,594,571,587,35,0,5,10,10,12,2,0,2,1,79,14,15,28,20,24,1,11,14,
1581156025.884989082,4,108,64,567,540,526,502,475,461,467,465,464,456,432,407,413,409,418,433,427,435,449,460,476,488,33,1,6,11,11,11,0,0,3,0,75,13,14,26,20,23,0,13,15,
1581156025.894995262,4,105,58,504,527,526,526,519,528,539,533,547,536,534,524,536,528,506,499,505,502,499,504,485,492,33,2,7,10,11,11,1,1,2,1,65,12,13,22,17,21,0,12,13,
1581156025.904979277,4,104,52,483,512,527,531,524,528,541,552,568,568,564,558,570,578,580,579,576,616,590,580,578,570,35,3,5,12,11,13,1,2,1,1,55,10,11,17,15,17,0,11,13,
1581156025.915046117,4,107,46,569,570,561,562,562,560,558,550,544,560,577,566,580,569,566,577,603,603,607,575,570,603,37,4,6,12,10,13,0,2,1,2,45,7,11,15,13,15,1,9,12,
1581156025.924942897,4,105,40,603,597,607,609,603,608,603,598,621,616,600,620,597,617,635,634,642,659,656,668,687,690,34,5,7,12,10,11,0,3,1,3,38,6,8,12,12,13,1,8,10,
1581156025.934984734,4,104,31,707,703,709,712,721,706,704,682,680,702,722,708,709,700,689,679,706,726,734,737,742,763,33,4,7,11,8,11,1,2,0,3,29,4,5,8,8,10,1,9,8,
1581156025.944994287,4,103,24,794,806,800,790,787,757,776,779,758,751,724,708,699,692,665,669,661,656,656,646,633,619,29,5,6,11,8,10,0,4,1,2,21,5,5,6,8,7,1,7,8,
1581156025.954994170,4,105,19,635,665,679,686,704,683,666,676,696,685,665,662,651,645,623,617,574,560,579,605,583,593,25,5,6,8,7,8,2,2,2,2,18,4,4,5,5,6,1,4,7,
1581156025.964954797,4,106,15,572,568,555,591,575,593,597,614,621,623,610,617,597,566,568,570,567,530,517,493,491,486,20,3,4,7,5,5,3,3,1,2,18,3,4,5,6,5,2,4,4,
1581156025.974987430,4,106,12,493,469,480,465,460,437,442,423,434,466,463,458,440,427,423,417,397,405,381,350,362,385,16,3,3,6,5,6,3,3,2,0,13,2,3,3,4,3,0,2,4,
1581156025.984964520,4,107,12,349,326,310,292,276,264,242,247,212,192,191,179,149,144,164,154,157,161,168,142,130,144,16,4,4,5,2,4,3,3,1,2,12,3,3,4,4,3,0,3,4,
1581156025.994943081,4,108,14,146,122,138,149,140,123,122,126,86,71,74,67,64,48,36,21,11,2,12,45,62,63,14,3,3,5,2,4,3,3,0,2,17,3,2,5,4,2,1,5,2,
1581156026.004970579,4,105,16,80,69,103,126,114,90,97,118,120,131,142,130,135,121,141,154,160,154,160,171,177,210,17,4,2,5,3,4,3,3,2,2,16,3,3,6,4,3,0,4,3,
1581156026.015008944,4,106,20,225,225,224,264,268,273,273,295,292,297,304,320,321,306,324,332,331,335,310,310,319,315,22,5,4,8,5,6,3,2,2,1,18,3,3,5,4,5,0,4,5,
1581156026.025064052,3,105,21,304,298,285,279,270,268,271,253,229,224,224,240,247,252,256,230,233,244,220,219,227,224,21,5,4,6,5,6,3,2,3,1,26,4,4,8,7,7,0,5,5,
1581156026.035074553,4,104,25,231,231,226,216,205,219,239,233,234,221,229,231,244,241,246,239,249,260,297,294,276,261,18,1,3,5,4,3,3,2,3,1,32,7,6,11,6,10,1,4,5,
1581156026.045073419,4,102,30,276,300,328,322,322,320,333,358,356,349,374,390,404,420,430,437,452,456,470,483,474,488,19,3,2,5,3,4,4,2,3,0,38,6,6,12,9,10,0,6,5,
1581156026.054987951,4,102,36,494,486,512,517,517,518,529,533,536,533,541,565,579,581,587,587,585,606,610,605,600,590,22,2,3,6,6,4,4,1,0,1,42,7,7,14,10,10,0,6,7,
1581156026.064977870,4,102,39,585,574,560,555,560,536,535,540,528,522,501,502,499,495,493,486,470,463,465,456,457,456,25,2,5,8,7,4,3,1,2,1,51,8,9,17,12,13,2,6,8,
1581156026.074994012,3,105,42,437,412,425,411,388,387,377,367,362,367,354,345,343,351,327,339,340,305,276,276,277,278,25,2,2,7,5,5,4,2,1,0,52,8,10,17,13,15,1,7,8,
1581156026.084966007,3,104,42,275,273,257,244,232,255,264,239,225,221,215,213,229,225,218,216,224,231,238,240,265,245,27,0,4,7,5,7,3,0,2,0,52,8,8,16,13,13,1,7,9,
1581156026.094990760,4,104,47,251,267,267,262,269,281,274,273,272,281,303,302,301,328,331,327,345,357,361,368,374,390,27,1,3,8,7,6,3,0,2,0,55,8,11,18,11,15,1,9,9,
1581156026.104983599,3,104,52,403,426,435,422,426,440,438,458,479,485,491,492,497,521,525,507,522,535,528,536,532,528,31,1,4,8,6,6,3,0,0,0,56,9,11,17,13,15,2,9,10,
1581156026.114974846,3,102,55,532,532,535,520,523,515,511,515,501,487,481,467,472,470,461,463,462,449,423,420,417,418,38,3,7,12,9,10,2,1,0,0,51,6,9,14,12,12,2,10,11,
1581156026.124971049,4,101,57,404,404,408,388,367,352,349,328,332,329,311,302,298,281,274,246,243,235,206,202,203,171,47,4,7,16,10,15,0,1,1,3,46,4,6,12,11,10,3,8,10,
1581156026.134982329,4,102,56,148,132,121,118,99,105,108,83,71,65,47,40,45,54,55,30,28,31,22,14,19,10,49,6,7,17,11,15,1,1,1,1,45,3,6,12,9,10,3,9,10,
1581156026.144975839,4,102,56,3,1,11,31,38,27,23,35,29,43,54,43,45,56,61,73,72,80,89,89,94,83,49,7,7,18,12,15,2,1,2,1,43,1,5,11,10,9,3,9,11,
1581156026.155108199,4,102,60,99,113,131,139,139,148,144,169,191,197,214,212,223,229,243,281,292,279,272,294,291,307,50,7,7,17,11,16,2,2,2,1,44,2,4,11,10,10,3,8,12,
1581156026.165077254,4,101,63,306,308,306,299,314,324,326,341,339,329,321,332,325,349,341,332,342,339,324,356,361,344,51,6,8,18,11,15,1,1,3,1,48,3,6,13,12,11,3,10,12,
1581156026.174982185,4,102,68,361,366,370,372,373,362,385,383,387,375,384,377,380,393,398,399,399,401,409,397,397,407,55,7,8,19,13,16,0,1,3,1,49,3,6,13,11,11,3,9,13,
1581156026.184968053,4,102,71,407,388,397,409,428,425,411,414,406,395,402,377,367,361,372,357,360,372,387,383,359,352,58,6,10,21,15,18,0,1,5,1,48,1,5,13,10,11,6,10,13,
1581156026.194997956,3,102,74,371,358,352,354,359,352,347,335,357,351,350,353,338,336,342,346,366,364,361,362,370,387,62,6,10,22,16,19,1,1,5,3,49,0,4,13,12,11,4,10,13,
1581156026.204982786,3,102,80,388,403,417,409,423,460,474,472,475,491,494,506,510,511,515,527,534,518,521,523,522,523,63,7,10,22,14,20,1,0,4,3,54,3,6,14,13,14,5,11,15,
1581156026.214953783,4,102,83,535,516,519,500,489,483,489,503,493,479,470,461,468,481,468,463,464,468,442,434,429,404,65,7,10,23,16,22,0,0,7,3,56,3,6,15,14,14,7,12,15,
1581156026.224982398,3,103,84,394,393,383,363,339,310,297,292,283,282,250,238,255,250,228,222,222,209,208,229,231,237,68,8,10,25,17,22,1,0,7,3,55,0,6,14,13,14,8,11,15,
1581156026.234993118,3,103,85,229,215,228,228,211,218,227,227,229,234,231,235,227,239,252,243,238,245,250,238,239,255,68,7,10,25,17,23,1,0,5,3,57,1,6,15,15,15,7,12,16,
1581156026.245131585,3,103,88,248,235,249,249,240,242,266,246,240,245,248,253,244,243,263,255,233,231,246,225,229,220,68,7,11,23,17,23,1,1,6,4,62,3,9,18,14,15,5,11,16,
1581156026.254963266,4,104,87,200,209,210,200,196,166,153,162,151,118,87,80,63,45,29,40,25,11,8,13,0,27,66,6,10,23,16,22,2,0,6,3,64,3,10,20,15,18,7,12,17,
1581156026.264956200,4,106,86,35,43,35,29,19,38,33,43,39,30,42,49,46,59,54,55,45,50,59,67,59,65,64,5,10,21,16,21,2,1,4,3,67,5,11,20,17,20,6,13,16,
1581156026.275000510,3,106,85,85,103,90,82,80,66,88,84,70,67,76,59,45,35,2,11,0,16,27,27,41,72,59,3,9,20,15,18,1,0,4,3,75,8,13,23,19,20,4,12,17,
1581156026.284996165,3,106,89,84,82,76,89,94,99,102,111,104,104,111,126,121,136,162,153,168,167,180,178,180,189,54,4,8,17,14,16,0,2,3,1,80,11,13,27,20,24,4,13,18,
1581156026.295081427,3,105,90,198,202,192,206,214,207,204,208,199,204,211,203,203,215,199,196,209,202,198,194,181,186,52,2,8,18,13,16,1,3,3,3,83,9,14,28,21,26,5,14,17,
1581156026.305039149,4,105,89,169,182,167,163,145,141,138,133,120,105,102,75,77,59,28,21,11,9,6,23,31,39,53,3,7,18,15,17,3,1,2,3,83,11,13,28,21,24,4,14,18,
1581156026.314980550,4,107,85,39,53,46,67,79,95,78,83,95,106,111,128,137,142,169,175,174,186,198,208,222,224,51,2,7,18,14,17,2,1,2,2,84,9,16,29,22,25,4,15,17,
1581156026.324995559,3,107,82,226,234,246,269,274,265,280,294,304,313,303,316,319,333,328,330,326,315,315,342,310,297,50,4,6,16,14,15,3,0,1,3,79,10,14,26,20,23,3,13,15,
1581156026.334954667,3,107,80,310,301,299,312,312,309,299,299,303,293,287,280,259,259,258,265,251,236,246,249,235,228,49,3,8,17,14,16,1,0,2,1,75,9,14,24,18,23,3,13,15,
1581156026.344973465,3,106,78,222,215,202,200,168,172,159,161,156,149,151,149,146,170,190,193,176,200,197,218,230,251,50,5,7,16,14,18,3,0,2,1,72,9,13,25,19,23,3,13,16,
1581156026.354950834,4,106,74,252,255,255,288,306,299,294,304,323,319,327,347,343,351,371,392,406,403,407,426,470,498,48,4,7,15,14,16,2,0,2,0,69,9,13,24,18,22,3,13,16,
1581156026.364994921,4,107,63,510,514,540,568,585,604,617,629,644,662,665,669,693,696,703,710,711,718,715,702,691,686,45,4,7,15,13,14,0,0,0,1,62,8,12,21,17,18,2,11,13,
1581156026.375045018,3,107,57,678,672,693,699,689,658,662,664,662,668,660,660,651,650,654,650,651,654,649,654,638,620,43,4,8,14,11,13,1,1,0,1,53,5,10,16,13,15,2,10,13,
1581156026.385048756,3,107,53,610,600,598,591,565,550,555,543,544,526,512,507,494,513,542,520,502,481,498,516,507,520,43,5,6,15,11,14,0,1,0,1,48,6,9,15,14,15,1,11,13,
1581156026.395058278,3,107,48,525,519,523,544,538,516,492,503,527,529,531,532,516,514,526,541,545,534,528,535,559,563,39,6,7,13,11,13,1,2,0,1,42,6,6,13,12,14,0,8,11,
1581156026.404991039,3,109,41,561,547,552,569,609,617,608,607,616,609,618,637,628,625,616,637,635,626,610,621,623,651,38,5,8,13,11,12,1,4,1,3,35,3,7,10,11,11,1,10,11,
1581156026.414990115,3,108,32,662,660,649,657,697,701,704,702,702,723,744,750,757,731,719,733,736,747,735,722,737,752,36,6,6,12,9,10,0,1,0,2,28,5,5,8,8,9,0,8,8,
1581156026.425014548,3,107,24,757,772,764,779,777,779,794,798,807,825,829,806,795,777,790,789,813,803,783,739,745,728,28,4,5,10,7,9,0,3,2,1,25,6,6,7,7,9,1,7,8,
1581156026.435084202,3,105,18,730,726,717,716,711,723,712,730,739,735,741,752,754,744,720,737,734,725,715,685,666,654,20,4,4,7,5,7,1,4,1,1,21,5,5,6,6,7,0,5,5,
1581156026.444966246,3,104,13,663,676,658,623,588,552,563,574,552,528,526,512,525,547,553,522,515,522,550,540,542,537,17,3,2,7,6,6,2,3,2,2,15,5,3,5,5,5,1,5,5,
1581156026.454961644,2,103,11,542,508,533,505,501,503,498,486,472,452,447,426,434,427,386,355,376,365,358,364,372,339,16,4,4,4,5,4,2,3,2,2,13,4,4,3,5,4,1,4,2,
1581156026.464980733,3,104,9,348,338,354,355,342,327,346,318,325,325,299,287,301,279,259,266,237,234,246,236,224,236,14,4,4,5,4,3,2,4,2,3,13,3,3,4,4,4,1,5,4,
1581156026.474991066,3,106,10,205,197,194,204,208,214,201,184,176,163,154,150,130,144,123,114,125,132,111,107,103,98,11,2,4,4,3,4,3,2,1,1,14,3,4,5,4,4,2,2,3,
1581156026.484993392,3,105,11,84,97,94,77,71,51,57,51,73,54,52,30,27,37,21,3,8,5,14,12,15,3,11,2,3,4,2,3,4,1,2,1,16,4,4,5,4,4,0,3,4,
1581156026.495090437,3,105,13,29,60,48,34,59,60,69,73,76,79,83,87,104,79,87,101,107,108,119,103,107,109,11,2,1,4,2,1,5,2,3,1,20,4,5,7,5,4,0,3,4,
1581156026.505004932,2,103,15,139,140,146,138,124,121,125,135,144,147,149,137,141,156,163,183,170,163,195,204,197,211,11,1,3,3,2,3,2,2,2,2,21,5,4,6,4,6,0,3,5,
1581156026.515019877,3,103,16,198,182,187,184,186,197,199,177,181,198,181,192,194,200,207,185,189,225,233,238,244,249,15,2,3,4,4,2,2,2,2,1,20,3,3,6,6,4,0,4,4,
1581156026.525013227,3,103,20,252,261,278,282,263,267,285,280,275,274,294,286,276,269,284,252,228,267,287,279,285,284,18,4,2,6,3,4,4,1,0,1,21,2,4,5,4,6,0,4,4,
1581156026.535010104,2,104,23,279,274,290,304,297,284,285,308,324,326,325,319,310,333,354,346,329,312,305,330,351,346,20,3,4,6,5,6,3,2,2,1,24,4,3,7,7,6,0,4,5,
1581156026.545008971,3,103,26,336,323,334,375,367,343,328,340,322,322,331,339,348,343,343,369,377,365,345,324,329,350,23,3,4,7,5,7,4,3,1,1,27,5,4,9,5,7,1,4,6,
1581156026.555009440,2,105,30,370,360,356,342,349,345,315,292,318,355,372,363,342,320,337,378,369,363,343,337,344,348,26,4,3,7,6,7,2,2,0,1,30,3,6,8,7,7,0,5,6,
1581156026.565105750,3,104,34,383,363,334,331,368,363,359,379,350,349,367,368,369,383,379,390,414,439,444,431,410,432,27,3,4,10,7,8,3,2,1,1,34,4,6,10,9,9,0,6,7,
1581156026.574966292,3,103,40,464,482,489,483,484,489,501,493,494,522,532,538,538,541,533,535,549,569,584,584,595,589,31,3,5,9,7,8,3,1,0,0,36,4,6,11,9,8,1,7,7,
1581156026.584980747,2,107,47,592,594,600,620,627,626,643,654,638,630,646,661,650,643,636,646,643,634,636,622,608,583,38,4,7,14,9,12,2,2,0,0,37,3,5,10,9,8,2,8,8,
1581156026.595009962,2,108,50,583,570,572,556,539,540,551,524,529,530,514,517,507,501,506,476,462,461,463,458,464,462,43,3,7,15,10,13,2,1,0,0,40,4,6,11,9,10,3,7,8,
1581156026.605019319,3,105,52,449,435,419,396,380,374,370,364,367,367,353,351,343,350,336,315,314,328,305,298,308,305,44,4,7,16,9,13,4,2,0,1,41,3,7,12,9,11,2,8,10,
1581156026.615009156,2,105,54,283,266,267,288,300,280,285,265,265,279,291,273,282,298,310,303,306,300,280,289,279,277,47,6,7,16,11,13,2,1,1,0,43,2,5,13,9,10,2,9,10,
1581156026.624989197,2,105,56,265,274,273,286,276,256,233,237,235,245,244,236,233,243,243,248,256,248,253,265,273,275,46,5,9,15,12,15,1,1,2,1,43,3,7,12,10,10,3,8,11,
1581156026.634978776,2,106,59,288,287,304,312,316,330,320,327,345,316,313,331,341,331,345,340,336,335,342,339,351,339,49,4,7,17,10,15,2,2,2,1,47,3,6,12,10,11,4,8,10,
1581156026.645015727,3,106,61,320,309,314,320,343,353,325,325,325,315,311,302,281,266,246,238,228,197,185,187,177,159,53,6,9,17,12,15,1,0,2,1,47,1,5,12,10,10,3,9,11,
1581156026.655074859,2,106,57,139,113,91,84,70,58,54,10,10,2,28,60,39,58,66,65,84,83,84,115,111,118,55,6,9,19,12,18,0,2,4,0,43,0,4,12,9,10,3,8,11,
1581156026.665046967,3,105,59,123,157,161,143,147,141,125,95,110,97,61,32,45,33,16,8,10,37,74,76,102,117,53,5,10,19,13,17,0,2,2,0,41,2,5,10,8,9,2,9,12,
1581156026.675050839,2,106,65,136,145,159,190,202,205,230,239,249,263,292,311,335,336,339,364,399,400,420,461,463,464,53,7,8,19,12,18,1,3,2,1,44,3,4,11,10,11,3,10,12,
1581156026.685070259,3,106,69,480,507,510,520,535,533,527,522,525,535,543,544,540,535,543,540,516,502,493,499,490,478,57,7,9,20,14,18,0,0,4,1,49,2,6,14,11,13,3,10,13,
1581156026.695051114,3,104,72,464,452,454,445,425,413,411,395,355,371,382,367,375,367,343,322,295,287,284,273,260,254,58,5,10,19,15,18,0,0,3,1,52,3,7,15,13,13,4,11,13,
1581156026.705045581,2,107,69,244,225,220,210,192,177,160,165,154,127,114,101,84,71,81,69,60,53,44,18,11,24,57,5,9,19,13,18,0,0,4,1,56,3,8,16,14,14,3,10,14,
1581156026.715164982,3,106,68,15,23,39,56,57,67,69,71,72,86,92,98,97,104,102,94,100,102,92,100,113,104,54,5,8,17,12,17,1,0,3,1,56,5,8,15,13,14,4,10,12,
1581156026.725111943,2,107,67,118,128,144,122,110,99,107,119,131,138,128,125,123,130,111,116,112,95,74,77,80,89,52,5,7,17,13,16,0,1,3,0,53,5,8,16,12,14,3,10,12,
1581156026.735040531,2,105,68,67,37,46,37,20,19,19,0,22,6,2,7,33,19,52,65,67,76,76,72,71,83,54,5,7,19,13,17,0,1,3,2,52,4,8,14,13,13,2,9,13,
1581156026.745017350,2,105,71,108,117,113,111,117,115,127,108,111,120,117,109,123,123,119,123,116,102,96,85,96,97,57,6,9,20,14,18,1,0,3,1,49,1,7,14,12,12,4,11,13,
1581156026.755024451,2,108,68,95,107,99,74,68,52,52,71,45,33,36,9,3,2,13,26,31,28,34,67,71,68,58,7,10,21,15,17,0,2,4,0,51,2,7,14,13,14,3,10,13,
1581156026.765019798,2,109,68,95,95,88,67,70,59,58,80,78,90,88,79,78,65,79,94,85,89,96,98,93,122,55,5,7,18,14,16,1,1,2,0,55,3,8,16,14,14,4,11,12,
1581156026.775090166,2,109,68,125,109,103,101,105,106,93,79,85,81,60,52,43,19,0,5,4,3,21,34,45,52,51,6,8,18,13,17,1,0,1,1,57,6,8,18,15,15,3,10,13,
1581156026.785012376,2,109,70,55,36,52,80,92,94,112,104,97,106,126,109,106,112,107,117,120,132,129,116,117,114,49,5,7,16,12,15,0,0,2,0,62,6,9,20,16,17,2,11,13,
1581156026.795052192,2,107,69,108,114,104,96,95,92,85,72,79,74,52,66,54,39,32,29,24,0,15,8,14,17,47,3,8,16,11,15,0,0,2,1,64,7,10,20,16,17,2,10,14,
1581156026.805000289,2,105,67,25,43,76,89,87,82,103,107,102,123,126,114,120,129,124,128,129,113,127,122,115,99,49,4,7,15,12,15,0,0,0,1,63,6,11,19,14,18,3,11,13,
1581156026.815029561,2,109,65,110,97,103,107,122,124,129,126,102,114,130,154,136,118,155,151,130,147,181,180,171,166,46,4,8,15,12,14,1,1,0,0,62,7,11,19,16,17,2,12,13,
1581156026.825099493,2,111,63,160,142,137,150,153,171,170,162,148,165,176,178,168,173,169,195,205,209,215,238,231,222,44,4,7,14,12,14,0,1,1,0,62,8,10,20,15,17,2,10,13,
1581156026.835160606,2,109,60,219,231,232,248,259,254,255,268,258,272,292,293,285,278,291,292,285,303,304,310,317,336,40,3,5,13,10,13,0,1,0,0,61,7,11,19,15,18,2,11,13,
1581156026.845125050,2,107,57,325,313,307,303,308,313,328,326,323,315,323,316,311,320,334,335,352,345,327,314,329,335,40,4,6,12,9,12,0,0,0,1,56,8,10,18,15,16,0,10,13,
1581156026.855038052,2,107,52,355,369,362,358,373,383,391,379,359,383,391,390,390,372,365,366,371,360,346,347,339,337,39,2,6,11,10,11,1,0,0,1,54,8,10,17,14,15,0,10,13,
1581156026.865037009,2,105,51,336,347,329,313,311,301,314,311,292,277,273,276,291,274,281,277,271,273,287,283,268,258,36,4,7,10,9,11,1,0,0,0,52,7,9,15,13,15,0,10,10,
1581156026.875053435,2,107,49,267,254,265,266,252,230,223,202,223,216,216,221,211,226,211,221,208,216,222,226,227,236,34,2,7,11,10,10,1,1,1,1,49,7,8,16,12,14,0,10,10,
1581156026.885022929,2,110,45,255,267,254,279,283,280,290,306,291,308,332,341,329,322,338,343,350,358,365,348,346,368,34,4,5,10,9,10,1,1,1,1,47,7,9,15,13,14,1,9,12,
1581156026.895044553,2,108,38,377,393,406,411,427,433,442,466,486,484,487,507,521,515,527,530,516,514,540,528,555,543,29,3,5,10,8,10,0,2,2,3,45,9,9,15,12,14,0,7,9,
1581156026.905018909,2,107,33,512,495,493,496,519,503,490,465,477,494,504,508,493,486,491,496,523,530,535,527,533,522,23,2,5,7,6,7,0,2,3,2,41,7,9,14,11,13,2,7,8,
1581156026.915055321,2,105,28,555,564,544,564,545,539,539,534,524,524,534,543,512,501,489,473,474,505,521,486,484,477,19,3,5,7,6,6,1,2,4,3,37,7,8,13,10,13,1,7,8,
1581156026.925056787,2,106,23,455,476,503,507,526,555,523,540,529,512,512,513,512,523,510,490,501,490,473,463,468,452,16,2,4,5,5,6,0,3,4,3,32,7,8,11,8,10,2,6,5,
1581156026.935112300,2,106,20,443,435,455,455,456,456,446,426,418,414,429,435,428,424,429,425,421,425,408,427,443,425,17,2,4,5,5,4,2,4,3,2,27,6,5,9,6,8,1,6,5,
1581156026.945124922,2,109,15,427,402,389,433,456,475,475,456,450,466,493,511,486,447,454,473,473,477,490,448,428,444,15,3,5,5,5,6,2,3,2,2,21,4,6,7,5,7,1,5,5,
1581156026.955018220,2,107,11,452,466,453,426,428,434,438,440,437,424,422,434,414,407,413,404,412,387,395,384,368,350,13,4,4,4,3,3,2,1,3,3,16,3,3,5,4,6,0,3,6,
1581156026.965029684,2,107,11,380,355,332,314,295,281,270,270,251,249,256,256,222,212,210,216,209,216,210,197,199,202,11,3,1,3,3,3,3,2,2,1,17,3,4,6,4,4,0,2,5,
1581156026.975092959,2,108,11,195,205,189,187,172,151,148,147,122,105,116,103,95,90,75,56,47,58,39,34,48,51,13,2,3,3,2,3,3,2,2,1,16,3,2,5,4,4,0,2,4,
1581156026.985099510,2,108,13,34,39,38,50,48,21,19,19,26,11,5,13,4,13,38,26,17,8,24,37,8,14,15,2,1,4,4,3,4,3,2,1,15,4,3,5,3,2,0,2,4,
1581156026.995054571,2,108,13,47,57,48,39,30,43,67,91,103,98,98,81,78,76,77,56,56,72,79,78,68,34,15,4,4,5,2,5,3,2,2,1,15,3,2,5,3,2,0,3,4,
1581156027.005005240,2,105,14,44,57,63,55,43,52,52,50,52,56,71,78,77,59,72,59,84,101,103,110,115,110,17,2,4,7,3,5,3,3,2,1,14,1,1,3,3,2,1,2,4,
1581156027.015046578,2,107,16,123,124,130,138,118,113,129,136,123,121,122,126,120,143,127,141,134,134,137,150,140,142,21,5,4,7,4,6,2,3,0,1,13,3,2,3,2,1,0,2,4,
1581156027.025000135,2,105,19,135,141,152,158,168,174,182,195,206,230,232,244,244,244,239,284,290,289,268,294,283,296,21,4,4,9,5,6,3,2,0,2,17,1,4,4,4,4,0,3,4,
1581156027.035050447,2,105,23,308,314,299,307,326,335,297,306,322,334,333,341,358,346,341,362,374,377,359,367,394,417,23,4,3,8,5,6,3,1,1,0,21,3,2,5,4,4,1,5,6,
1581156027.045028521,2,105,29,428,439,422,425,439,463,459,465,474,474,467,476,488,470,449,462,460,474,468,446,420,404,28,4,5,11,6,8,4,3,0,1,23,1,3,6,4,5,1,5,5,
1581156027.054995830,2,107,31,411,407,395,394,384,379,387,387,387,396,374,380,403,399,401,391,392,390,402,389,383,371,31,5,5,12,6,10,4,3,0,1,22,1,2,5,6,4,1,4,6,
1581156027.065114229,2,107,35,365,369,373,367,364,377,370,364,369,359,350,345,365,369,361,368,380,396,408,412,413,404,35,4,6,12,8,10,3,3,1,0,25,1,2,5,5,4,1,6,7,
1581156027.075126203,2,104,41,414,427,436,457,450,454,453,468,473,490,499,502,506,528,525,520,526,530,519,514,530,560,40,7,7,15,8,12,4,2,0,1,23,1,3,4,5,3,1,6,8,
1581156027.085130977,2,104,46,530,498,520,512,514,521,518,509,492,500,531,544,545,544,557,549,549,560,553,549,565,568,46,5,8,18,10,15,3,3,2,0,25,2,2,4,5,5,2,6,8,
1581156027.095139148,2,105,49,572,564,552,546,535,513,512,505,485,478,488,488,478,469,465,461,457,460,463,470,486,468,49,5,8,16,10,14,3,2,2,1,33,1,3,8,7,7,3,6,10,
1581156027.105090002,2,106,55,474,478,476,478,474,491,480,474,492,484,486,480,471,495,489,464,478,481,478,467,464,448,46,5,7,15,10,15,1,1,0,1,45,4,6,14,9,11,3,7,10,
1581156027.115031083,2,108,55,448,452,440,438,432,431,428,426,410,401,406,401,394,389,359,349,338,321,323,325,289,289,43,4,7,14,9,13,3,0,0,1,56,6,9,16,13,14,4,9,10,
1581156027.125043844,2,110,57,299,280,261,258,261,251,241,256,236,230,244,219,210,193,202,201,195,182,189,172,152,166,37,2,5,10,9,10,3,0,0,0,64,7,11,19,14,17,2,8,11,
1581156027.135041983,2,108,58,159,153,134,124,121,124,138,135,118,116,147,143,139,146,147,125,156,172,178,171,175,172,34,1,4,10,9,9,3,0,2,1,67,10,11,21,14,18,4,9,12,
1581156027.145029057,2,106,61,182,197,188,191,192,193,204,213,209,208,204,213,235,245,246,236,238,249,255,277,293,297,35,1,4,10,9,8,2,2,1,1,69,9,12,21,16,19,4,9,11,
1581156027.155071646,2,106,65,290,288,313,317,316,346,340,329,329,339,348,338,353,352,340,352,356,359,366,363,371,387,36,2,4,11,9,10,0,0,0,0,67,8,12,21,16,18,3,10,11,
1581156027.165091604,2,107,69,387,392,403,400,387,404,413,430,420,405,415,421,417,425,425,424,424,435,438,423,410,419,39,1,5,12,10,10,0,0,0,0,74,9,12,24,16,20,4,9,13,
1581156027.175069306,2,106,70,422,432,423,413,396,403,412,395,396,377,360,368,356,344,323,283,279,285,295,285,272,253,40,0,5,11,11,11,0,2,0,1,79,11,13,25,17,21,3,10,14,
1581156027.185199554,2,107,69,243,231,242,226,211,189,212,197,167,168,162,142,120,118,121,97,89,95,85,91,71,78,40,0,5,11,10,10,1,1,0,2,79,11,13,25,19,22,4,11,14,
1581156027.195105250,1,106,71,75,74,49,45,58,68,64,75,74,72,67,80,73,49,46,61,48,56,65,61,48,73,38,0,6,12,9,10,1,3,0,1,79,11,13,24,18,22,4,11,13,
1581156027.205227981,2,106,71,75,64,56,65,74,89,92,89,79,83,69,69,71,67,67,71,65,66,58,54,52,59,41,0,6,11,11,11,0,1,0,2,75,11,11,24,16,20,3,10,13,
1581156027.215068179,1,108,71,74,64,58,51,34,44,47,32,39,34,36,46,68,67,49,32,49,58,68,58,52,54,44,2,6,13,11,13,0,0,0,1,70,9,10,22,17,18,5,10,14,
1581156027.225051052,2,107,73,79,86,90,74,76,79,85,104,105,96,86,83,105,123,117,119,108,100,104,102,116,109,49,4,8,15,12,14,1,0,3,1,65,5,9,20,13,17,4,11,14,
1581156027.235086919,2,106,74,107,116,113,103,113,128,118,106,113,111,118,126,135,142,120,117,114,127,110,115,118,120,53,4,8,18,12,16,0,1,2,0,62,5,9,17,14,17,5,10,13,
1581156027.245064220,2,108,74,123,119,126,88,88,81,92,81,77,81,80,87,86,83,72,62,37,59,63,64,45,57,55,4,8,19,13,16,0,0,3,0,62,5,11,19,15,15,5,10,14,
1581156027.255109477,2,110,76,71,43,36,54,41,58,71,86,75,81,83,77,91,95,103,114,120,117,126,133,141,136,54,4,9,18,12,17,0,0,3,1,62,5,8,17,14,15,5,11,14,
1581156027.265201282,2,109,78,131,149,153,148,165,175,169,187,175,187,190,182,195,197,203,206,200,197,209,212,211,232,57,5,8,20,13,17,1,0,3,2,61,4,8,17,14,17,5,11,16,
1581156027.275220259,2,109,81,229,215,220,224,210,210,215,212,216,215,226,231,213,212,208,195,182,185,202,197,172,157,59,5,8,21,14,19,1,0,4,3,62,4,8,18,14,16,5,10,15,
1581156027.285068002,1,110,79,138,146,125,114,111,87,50,57,56,39,23,20,16,7,0,8,3,26,13,10,8,17,60,5,7,20,14,20,0,0,5,2,59,1,8,17,13,15,5,11,15,
1581156027.295050225,2,110,75,35,35,34,35,22,28,28,59,74,85,88,81,89,101,104,136,145,169,168,186,183,188,62,5,10,21,15,19,1,0,5,2,56,2,8,14,13,14,5,11,13,
1581156027.305060861,1,111,73,189,193,193,204,196,200,219,242,231,228,221,226,235,246,271,276,281,277,284,283,284,277,59,7,9,21,15,19,0,1,4,0,57,3,7,17,14,15,5,11,14,
1581156027.315093578,1,113,68,288,308,314,314,329,334,334,329,326,333,341,355,359,361,351,359,353,362,369,356,349,341,54,4,8,17,13,16,0,0,2,1,63,7,11,19,15,17,3,11,14,
1581156027.325077201,2,113,68,338,334,347,321,293,274,284,290,263,254,236,216,204,201,188,179,161,136,135,144,142,142,44,2,6,14,10,12,0,1,1,0,68,9,11,23,17,19,2,11,13,
1581156027.335054640,2,113,67,137,130,120,122,125,110,117,113,109,120,116,105,98,105,101,84,80,92,77,83,69,83,41,2,5,14,10,12,0,1,0,0,73,9,13,24,18,20,2,10,13,
1581156027.345064913,2,113,66,61,64,63,69,42,55,67,82,62,67,79,95,98,114,122,117,123,145,150,161,185,200,39,0,5,10,10,10,0,1,0,0,73,10,13,24,18,22,4,11,14,
1581156027.355155377,2,110,63,190,198,208,228,214,218,221,222,220,234,231,224,215,209,212,206,208,228,239,243,238,235,38,0,5,12,9,11,0,0,0,0,70,11,12,22,18,19,2,11,14,
1581156027.365043919,2,110,60,242,247,240,241,264,264,267,290,270,266,276,268,252,258,260,266,269,268,280,276,275,271,39,2,5,13,9,12,1,0,0,1,63,8,12,18,15,18,2,11,13,
1581156027.375057279,2,108,59,260,261,267,269,267,259,251,250,257,275,275,256,267,267,262,258,260,252,252,255,271,272,39,2,5,12,10,12,0,0,0,0,61,8,11,18,16,17,2,11,13,
1581156027.385063374,2,110,53,278,275,292,289,295,311,306,303,318,335,352,357,342,346,343,374,394,401,408,409,410,420,35,2,7,11,10,11,0,1,2,2,60,9,10,19,15,17,2,9,11,
1581156027.395064604,1,108,49,430,426,427,431,449,448,443,430,427,432,423,436,435,431,410,417,424,427,421,414,416,435,33,2,6,11,9,11,0,1,1,2,54,8,11,16,14,16,0,10,12,
1581156027.405069472,1,107,44,451,476,488,471,486,486,487,488,497,477,479,499,510,506,488,462,451,437,433,437,441,458,35,4,5,11,10,11,1,3,1,1,42,6,8,13,11,12,1,9,10,
1581156027.415120273,1,107,37,451,443,446,444,446,462,478,502,523,540,533,547,571,577,581,602,603,616,621,630,633,631,35,5,7,11,8,12,0,3,1,2,36,4,6,11,10,11,0,7,8,
1581156027.425075583,2,110,31,616,614,596,596,591,587,583,580,575,562,559,557,567,584,607,603,607,618,619,616,649,634,28,4,5,9,8,10,1,2,0,1,31,5,6,8,10,9,0,7,8,
1581156027.435088545,1,109,26,641,664,671,675,677,676,653,656,644,654,665,649,631,622,624,616,598,575,566,570,564,561,27,4,5,9,7,9,2,4,2,3,22,4,5,6,7,7,1,5,6,
1581156027.445064950,1,110,20,576,560,565,578,568,552,563,569,579,568,568,556,573,579,587,601,568,566,551,571,566,573,25,4,5,9,7,8,1,3,0,1,16,2,4,4,5,6,1,5,6,
1581156027.455061245,1,112,16,543,516,501,509,518,520,491,492,491,470,448,462,424,408,410,412,402,403,389,376,356,356,21,4,3,6,6,6,0,3,2,3,16,3,4,4,5,4,1,5,6,
1581156027.465075563,2,111,15,351,349,363,335,311,306,318,311,310,286,290,270,251,267,256,270,289,277,289,292,275,270,18,2,5,5,4,4,2,3,0,2,14,1,3,4,4,4,2,5,4,
1581156027.475174476,1,110,15,261,265,252,261,245,211,196,204,211,202,204,183,159,151,146,148,128,108,117,122,159,147,19,4,3,7,3,6,1,3,0,2,12,1,3,1,3,3,0,4,4,
1581156027.485168439,1,108,13,155,141,148,169,191,187,180,197,211,219,219,220,181,171,161,173,147,149,153,111,116,110,17,3,1,6,3,4,4,2,2,1,17,4,4,4,5,4,0,3,5,
1581156027.495096033,1,108,13,91,63,34,18,17,11,3,3,4,2,35,42,52,39,54,72,80,75,84,80,69,72,13,2,0,4,3,3,3,1,3,1,21,4,5,7,4,4,1,4,4,
1581156027.505161991,1,109,15,84,72,59,42,51,31,4,4,10,23,28,25,26,55,85,83,79,120,117,96,111,130,12,2,1,4,1,3,3,2,1,2,24,5,4,7,6,5,0,2,4,
1581156027.515094844,1,109,16,128,129,134,143,148,116,110,132,126,108,115,91,97,104,99,106,100,97,96,111,133,136,13,1,0,4,3,3,3,2,1,1,28,5,5,9,6,7,0,4,4,
1581156027.525082596,1,109,20,137,156,180,166,186,206,198,183,203,213,238,228,209,212,209,208,207,211,210,216,199,192,11,1,1,1,1,1,4,2,3,2,34,6,6,11,7,9,1,3,6,
1581156027.535091832,1,109,21,178,171,192,199,197,193,179,188,182,174,192,193,181,181,189,185,195,186,187,191,195,185,12,0,1,4,2,1,3,2,2,1,37,6,8,11,9,8,0,5,4,
1581156027.545095903,1,105,24,199,209,184,173,191,203,173,157,167,162,164,181,170,159,158,162,192,191,196,181,195,170,13,0,1,2,2,2,3,2,3,1,38,7,8,13,8,9,0,4,6,
1581156027.555061654,1,103,27,195,214,221,198,216,244,240,262,260,263,248,260,293,293,298,287,282,297,315,326,333,353,14,0,2,5,3,3,3,1,3,0,36,8,6,11,8,10,0,3,5,
1581156027.565068452,1,102,31,354,362,376,376,389,399,401,410,409,420,424,435,456,457,463,472,477,468,487,494,495,521,19,1,1,5,5,3,4,1,2,1,38,5,6,11,6,9,1,5,6,
1581156027.575074696,2,103,37,519,525,521,522,530,547,527,540,546,541,537,525,523,530,528,505,501,503,495,498,513,506,27,2,4,8,6,8,4,1,0,0,38,5,8,11,9,9,1,6,7,
1581156027.585096990,0,101,41,484,486,495,503,493,496,504,498,496,527,528,520,521,523,535,523,523,507,515,478,489,488,34,3,3,11,7,10,3,1,0,0,38,3,5,8,8,7,2,6,7,
1581156027.595108431,0,100,44,484,478,498,486,473,460,451,441,445,427,431,443,434,438,437,420,410,395,394,386,378,359,38,5,7,13,8,12,3,1,0,0,39,1,5,11,7,9,1,6,7,
1581156027.605103143,1,103,46,359,337,328,323,312,305,301,295,296,281,276,268,280,279,275,285,271,251,259,253,252,235,40,5,6,14,10,12,3,1,0,0,39,3,4,10,9,9,3,7,8,
1581156027.615142864,0,101,47,224,220,215,210,218,224,196,188,184,163,163,173,163,156,169,172,174,185,178,166,169,186,42,5,7,15,9,12,3,3,0,1,39,1,4,11,8,8,2,7,9,
1581156027.625110587,1,105,50,189,194,216,206,193,221,231,214,227,228,219,241,243,234,233,249,260,262,267,273,258,255,43,4,7,15,11,12,3,1,1,0,41,3,5,10,9,7,3,7,8,
1581156027.635163364,1,102,53,270,262,276,263,268,282,287,278,269,274,256,256,268,265,257,243,248,265,272,275,265,256,45,4,7,14,10,13,1,1,0,1,41,3,6,9,8,8,3,7,11,
1581156027.645054177,1,105,55,258,264,280,294,291,270,270,293,289,259,274,272,263,282,277,265,276,257,271,268,271,276,47,5,9,15,11,15,2,0,1,0,43,1,5,10,8,9,3,9,10,
1581156027.655097989,1,101,59,284,278,278,279,283,299,291,292,307,309,302,323,322,326,326,328,342,353,356,356,344,347,51,6,6,16,11,16,2,0,2,0,41,0,4,10,9,9,4,8,10,
1581156027.665156720,1,101,61,341,358,363,356,354,341,353,365,362,361,362,348,362,367,350,343,333,329,322,330,324,302,54,7,8,19,12,18,1,1,3,1,41,0,4,9,9,9,2,10,11,
1581156027.675143982,1,101,63,298,293,287,295,274,255,262,267,257,249,258,245,255,255,235,230,213,204,231,224,215,211,57,6,10,20,12,18,0,1,3,1,43,0,4,10,10,9,3,10,12,
1581156027.685106889,1,100,65,220,224,223,235,239,233,232,235,223,227,229,235,239,240,227,233,240,237,238,242,236,214,56,5,8,19,13,18,0,2,2,2,49,2,6,11,11,10,2,9,12,
1581156027.695097801,0,100,66,231,225,239,235,232,242,240,221,238,238,214,211,218,217,213,216,207,208,199,189,194,190,52,4,8,19,12,16,0,0,1,1,59,5,8,16,13,14,4,11,11,
1581156027.705159852,1,103,66,168,148,157,157,133,132,129,122,92,95,93,110,100,95,94,90,81,63,70,45,41,53,47,4,6,14,12,12,1,0,0,0,67,7,10,21,16,16,3,10,13,
1581156027.715154631,1,103,66,50,55,52,34,30,40,40,36,29,37,25,37,38,23,24,24,24,26,29,18,12,8,40,1,6,12,10,10,1,0,0,1,74,11,11,23,17,19,2,10,13,
1581156027.725107588,0,103,66,21,17,14,14,0,1,23,19,14,19,20,26,27,31,42,31,46,56,66,52,43,36,35,1,5,10,10,10,1,2,1,0,76,12,14,23,17,21,4,11,13,
1581156027.735134580,1,104,65,39,33,33,36,20,0,1,5,23,30,23,31,56,73,66,68,77,83,85,109,111,117,35,0,4,11,9,10,1,0,1,0,78,11,13,23,17,20,2,10,13,
1581156027.745109815,1,104,62,135,120,134,157,160,163,168,174,174,181,173,177,176,184,183,198,185,191,198,208,209,192,34,0,3,9,10,8,2,0,0,0,75,12,12,24,17,21,4,11,12,
1581156027.755145528,1,104,63,179,161,156,164,173,170,156,146,145,128,130,93,77,61,68,65,58,24,11,0,5,15,33,0,4,8,8,8,1,2,2,0,75,11,14,23,16,20,2,10,12,
1581156027.765067198,1,102,66,22,30,51,59,57,54,84,85,97,106,78,83,117,129,142,147,154,148,161,181,189,186,35,0,3,11,10,8,0,1,1,1,72,11,14,22,17,19,2,10,13,
1581156027.775106460,1,102,68,174,172,188,195,197,191,187,189,200,199,198,195,192,208,196,181,193,188,181,185,189,182,38,1,5,12,11,12,1,0,0,1,71,11,11,20,17,19,3,10,13,
1581156027.785194962,0,102,68,184,189,194,187,177,181,175,150,151,145,148,113,119,134,105,89,94,85,60,50,52,64,43,1,7,13,10,13,0,0,1,1,67,8,10,20,15,18,2,10,13,
1581156027.795205375,1,99,66,55,43,39,33,8,13,4,20,30,26,17,54,66,67,74,82,70,73,72,96,101,91,46,3,7,15,12,14,1,0,1,1,61,7,8,18,14,15,2,11,13,
1581156027.805190026,0,99,64,97,111,121,117,125,110,100,104,104,111,117,106,103,104,108,97,88,58,64,67,63,68,48,3,7,16,12,15,0,1,1,1,57,6,8,17,14,14,3,10,13,
1581156027.815167865,0,102,66,57,60,59,60,54,31,24,30,32,24,26,2,8,13,9,14,28,38,42,44,42,23,47,4,6,16,12,16,0,1,1,0,55,6,8,16,13,14,3,10,12,
1581156027.825117585,1,102,67,47,55,49,56,67,79,86,93,97,96,77,89,103,123,120,111,103,95,96,100,97,78,50,5,7,17,13,16,1,0,1,0,54,5,7,16,13,14,2,10,12,
1581156027.835094075,1,102,64,73,88,63,51,45,34,21,7,0,26,35,48,85,85,86,105,116,140,164,178,196,220,52,6,8,18,14,17,1,1,3,0,50,1,8,13,13,11,3,11,14,
1581156027.845100477,0,101,58,238,254,276,294,316,322,305,325,344,366,362,386,382,383,379,396,397,402,399,414,427,427,52,6,9,18,13,18,0,2,2,0,46,4,7,12,11,11,2,8,12,
1581156027.855129337,1,101,53,426,428,416,424,443,455,457,457,454,451,460,477,464,455,464,462,446,439,427,433,421,414,47,5,7,16,11,15,0,2,0,0,44,3,6,12,12,11,2,9,11,
1581156027.865134199,1,102,52,391,386,365,356,371,370,366,359,365,344,336,331,331,339,340,335,339,331,324,323,321,318,44,5,8,15,12,13,1,2,1,1,43,5,7,11,11,12,0,8,10,
1581156027.875212720,0,101,50,308,301,314,297,304,291,274,251,248,254,267,246,235,223,211,205,210,196,196,202,214,230,39,4,6,14,9,13,0,2,0,1,45,3,8,12,12,12,0,9,11,
1581156027.885142019,0,101,46,220,213,211,212,237,236,238,232,226,227,245,267,272,260,263,278,287,293,315,312,306,297,38,4,5,11,10,12,0,0,0,0,48,7,9,13,11,13,0,9,11,
1581156027.895104009,0,100,42,296,320,313,322,332,336,328,321,338,335,345,367,371,362,389,396,420,420,447,458,466,458,31,4,5,11,8,11,1,0,2,1,49,7,8,15,11,13,0,7,9,
1581156027.905080319,0,98,35,478,495,505,513,517,520,507,515,528,540,527,530,548,539,518,504,504,506,500,513,504,516,25,3,4,7,7,8,0,2,2,2,48,8,10,16,13,14,1,9,9,
1581156027.915133490,0,98,30,510,512,520,523,520,523,515,516,549,569,558,556,562,560,560,566,521,511,510,492,501,500,17,1,4,5,5,4,0,2,4,3,47,9,10,15,11,14,1,6,9,
1581156027.925105821,0,101,26,476,432,400,407,396,372,381,379,380,398,417,415,401,406,434,452,456,480,478,460,482,487,14,0,2,4,5,4,1,1,4,3,45,9,9,15,12,14,1,6,7,
1581156027.935139106,0,102,22,481,478,482,442,445,454,462,439,435,434,429,404,404,400,395,392,414,433,451,451,473,465,11,0,1,2,5,3,1,1,4,2,41,9,10,14,9,11,2,7,7,
1581156027.945193501,0,99,18,466,480,513,518,512,512,531,527,546,523,526,516,507,491,508,481,458,446,446,443,455,458,11,0,2,1,2,4,2,1,4,3,31,7,7,11,7,7,2,5,6,
1581156027.955141018,0,97,14,438,426,446,462,449,454,446,442,436,454,444,440,447,430,436,428,404,388,384,387,381,375,13,3,2,5,4,4,0,3,3,3,20,3,5,5,6,5,1,4,4,
1581156027.965113255,0,97,13,360,340,333,331,330,319,306,298,270,269,269,293,280,249,270,278,259,263,264,245,243,242,14,2,2,5,3,3,3,3,1,2,16,4,3,5,5,3,1,3,4,
1581156027.975182058,0,97,13,230,216,216,217,213,192,191,175,157,139,139,132,112,118,108,84,104,109,107,106,93,89,16,4,3,6,3,5,3,3,1,1,15,3,2,5,4,2,0,4,3,
1581156027.985110340,0,95,14,80,70,91,101,98,84,95,89,88,72,78,58,48,53,53,23,20,31,12,18,1,6,17,4,2,5,4,3,2,3,1,0,12,1,2,3,4,1,0,2,4,
1581156027.995238377,0,93,15,15,50,75,45,42,54,76,83,86,99,73,56,64,87,84,73,62,45,38,43,52,43,18,2,3,7,4,6,3,1,1,1,15,3,3,4,2,3,0,4,4,
1581156028.005234610,0,95,17,39,52,57,44,43,51,45,52,47,54,46,61,74,74,95,105,103,114,118,122,130,147,19,2,3,6,5,4,4,3,1,2,17,3,2,5,3,3,0,4,2,
1581156028.015198765,0,97,17,148,129,137,119,108,118,113,122,128,123,98,96,84,79,83,67,79,71,79,100,112,130,18,4,4,5,3,4,4,3,1,2,18,2,4,4,4,3,0,3,3,
1581156028.025258954,1,97,19,137,140,136,151,153,140,141,164,171,169,169,161,170,177,191,176,175,164,165,170,184,165,22,1,4,7,4,6,4,2,0,0,17,2,1,4,4,2,1,4,4,
1581156028.035125606,0,95,21,158,157,175,160,181,182,155,134,148,158,154,156,156,161,151,152,139,137,125,126,132,140,23,2,5,8,4,6,4,2,1,0,19,2,3,4,4,3,1,4,4,
1581156028.045096910,0,95,21,141,153,147,146,139,137,138,131,126,138,149,116,122,127,150,135,151,140,128,123,145,118,23,4,4,7,5,4,4,2,2,0,22,2,3,6,5,4,1,4,3,
1581156028.055113206,0,95,23,125,105,96,102,116,116,135,136,123,140,157,149,141,151,160,142,161,169,163,157,149,153,24,4,3,8,5,7,3,1,0,2,20,3,2,4,3,5,1,4,6,
1581156028.065097925,0,95,26,168,138,132,162,165,146,167,170,169,180,181,184,199,193,212,236,244,243,254,260,247,267,26,2,5,10,6,8,4,2,1,0,22,1,3,5,4,3,0,4,6,
1581156028.075135134,0,95,29,284,267,285,290,277,291,289,286,288,296,295,307,314,320,319,329,332,352,354,333,337,352,27,3,5,10,6,7,3,2,0,1,31,3,5,8,6,6,0,6,6,
1581156028.085113019,0,97,34,359,374,377,358,354,363,367,375,401,408,418,417,425,423,423,447,447,448,463,459,459,479,25,2,4,8,5,6,3,1,2,0,37,5,6,11,9,9,2,6,6,
1581156028.095105189,0,97,39,487,483,473,466,451,448,454,440,427,435,433,432,437,436,429,431,424,418,431,415,406,412,26,2,4,7,7,7,2,2,2,1,43,6,7,11,10,10,0,6,8,
1581156028.105112322,0,98,41,417,400,379,378,375,390,368,372,350,338,345,339,327,314,308,321,319,312,317,316,316,317,26,1,3,8,6,6,4,1,3,0,49,8,9,16,10,14,0,6,8,
1581156028.115197156,0,97,42,313,313,302,287,294,285,270,275,288,270,264,261,270,267,265,281,297,293,301,310,316,317,26,0,3,6,6,4,4,0,2,0,56,8,9,18,11,15,2,7,9,
1581156028.125153183,0,94,47,329,316,341,324,329,356,361,354,341,362,367,378,360,369,379,376,373,392,398,402,418,434,25,0,3,6,6,6,3,0,0,1,56,9,8,17,11,15,2,8,8,
1581156028.135156207,0,93,52,445,457,445,450,455,459,481,481,480,483,488,495,498,501,521,495,485,490,475,475,478,485,30,1,2,9,6,8,2,0,0,0,59,8,10,19,12,15,2,7,10,
1581156028.145139457,0,93,54,499,483,466,459,475,477,473,476,463,452,436,424,433,413,381,362,357,355,359,344,344,323,33,2,4,9,6,9,3,0,0,1,66,9,10,21,14,16,3,10,10,
1581156028.155180361,0,92,55,311,315,316,310,283,286,272,266,269,252,234,238,239,220,214,216,190,173,177,164,160,142,34,0,3,10,8,9,2,0,0,0,63,9,10,20,13,16,1,7,12,
1581156028.165168864,0,92,55,109,105,109,98,95,93,76,87,83,84,87,74,68,72,68,68,71,77,74,72,78,82,36,2,5,11,8,10,2,1,0,1,60,8,8,16,13,14,4,8,11,
1581156028.175162609,0,94,58,75,87,101,108,102,100,105,119,136,160,162,172,175,196,208,220,224,226,231,245,265,297,37,2,5,11,9,9,3,0,0,1,60,8,9,17,14,14,5,9,11,
1581156028.185174378,0,95,62,292,293,304,290,302,308,319,328,336,340,344,338,351,359,365,360,364,364,356,372,388,371,39,1,5,12,9,11,1,0,0,0,64,7,10,18,15,15,2,10,12,
1581156028.195186392,0,98,64,370,365,369,362,352,344,345,329,308,304,300,295,299,289,274,254,250,255,240,240,233,223,43,1,5,14,10,13,0,0,1,1,63,7,10,19,12,15,3,10,13,
1581156028.205272040,0,96,63,209,201,196,182,159,175,145,140,133,121,97,102,93,93,79,64,52,63,41,15,22,19,47,4,5,14,11,12,2,0,2,0,59,5,8,17,13,14,5,9,11,
1581156028.215261384,0,97,62,9,12,23,3,3,7,11,22,31,36,36,45,37,41,58,72,77,80,92,96,101,90,47,3,6,16,11,13,2,1,1,1,56,5,7,14,13,12,5,10,11,
1581156028.225245003,0,97,61,95,102,110,113,113,116,120,106,113,105,96,82,66,69,62,57,53,59,54,47,56,62,46,3,7,17,10,14,0,1,1,0,54,4,6,14,12,11,3,10,13,
1581156028.235127953,0,95,61,48,28,19,36,32,29,34,41,31,25,39,42,29,21,34,27,28,35,22,32,17,0,48,5,7,17,11,14,0,0,2,0,52,3,7,14,12,13,4,10,10,
1581156028.245149436,0,95,62,3,13,16,14,9,32,39,49,48,60,55,63,80,101,70,78,105,106,105,97,84,75,49,4,6,16,12,13,1,1,1,0,54,4,7,14,12,11,2,10,11,
1581156028.255233511,0,98,62,88,90,91,76,62,45,39,40,43,33,21,13,28,10,24,9,11,5,8,13,16,8,48,4,7,16,12,14,1,0,2,1,53,1,7,14,11,12,5,8,10,
1581156028.265167930,0,98,61,10,8,10,1,10,22,30,38,36,43,46,52,47,34,41,53,47,53,43,47,37,35,50,5,8,16,12,15,1,1,2,1,51,1,6,14,11,11,2,9,11,
1581156028.275232640,0,94,62,47,58,51,30,35,46,36,24,21,1,4,2,8,9,19,23,28,22,41,47,64,60,51,5,7,17,11,15,1,1,2,1,49,1,6,13,11,11,2,10,13,
1581156028.285232773,0,97,62,51,37,53,66,53,56,42,48,44,48,50,51,38,39,42,45,34,24,19,9,15,0,51,5,8,16,13,16,0,1,3,1,51,4,6,13,13,11,4,9,11,
1581156028.295180393,0,97,62,13,24,19,8,9,6,16,19,22,24,16,15,7,5,24,26,5,19,11,4,19,19,50,5,7,16,11,15,0,1,0,0,53,3,7,14,11,12,4,10,12,
1581156028.305167941,0,96,63,19,13,12,15,10,1,3,11,4,9,25,27,18,24,21,22,32,42,61,47,53,71,47,3,7,14,11,14,2,0,0,0,57,5,8,15,13,14,3,9,13,
1581156028.315147144,0,95,63,68,56,75,83,78,89,96,78,91,87,95,89,73,55,48,33,45,48,40,24,16,5,45,3,7,14,11,14,0,1,2,1,60,7,10,18,13,15,4,10,13,
1581156028.325134338,0,95,61,2,22,12,28,47,43,41,48,51,59,73,75,101,99,98,102,121,133,146,145,158,172,44,1,6,14,9,12,0,0,0,0,60,5,9,17,13,15,3,9,11,
1581156028.335136775,0,95,58,194,202,199,190,175,196,219,223,215,209,199,212,206,215,219,214,233,214,211,211,196,199,40,3,5,12,10,11,2,0,1,0,59,8,10,17,13,14,2,9,12,
1581156028.345133020,0,95,57,213,225,221,220,200,182,182,186,197,198,183,180,158,155,159,166,173,169,159,164,172,177,40,4,5,12,10,11,2,1,0,0,57,5,9,16,14,15,3,9,11,
1581156028.355140577,0,96,54,190,183,159,154,177,198,202,198,196,182,193,214,214,220,237,252,247,256,277,276,282,287,39,3,5,12,10,12,1,1,0,0,53,6,8,15,13,14,2,10,13,
1581156028.365158194,0,97,49,305,303,329,333,342,355,351,353,371,375,396,400,396,388,391,396,402,399,394,380,386,385,40,2,7,12,9,12,1,1,0,0,49,7,8,14,11,11,1,8,11,
1581156028.375161976,0,95,45,399,394,406,402,405,395,403,401,388,390,394,392,382,379,378,359,358,358,348,321,325,334,36,2,6,11,10,9,2,1,0,1,47,6,8,13,12,12,1,7,10,
1581156028.385167380,0,95,43,330,313,308,298,288,296,288,290,278,278,269,254,268,273,273,256,253,260,259,259,254,267,31,4,4,11,9,9,2,1,0,1,48,4,9,14,11,12,0,8,11,
1581156028.395145513,0,95,41,264,264,265,278,253,255,264,260,267,275,271,260,262,260,267,272,266,255,267,260,252,253,28,2,5,8,8,8,1,1,2,1,48,7,8,14,10,13,0,7,9,
1581156028.405134594,0,95,37,246,232,264,255,233,250,266,265,267,267,261,279,278,277,283,287,285,277,293,293,288,308,26,2,4,8,8,7,2,1,2,1,44,7,8,14,12,13,0,8,8,
1581156028.415155662,0,94,35,300,295,293,291,281,290,282,286,286,289,275,272,278,266,272,294,296,292,310,319,305,313,25,3,3,8,5,7,1,1,2,1,43,8,8,13,10,12,0,7,8,
1581156028.425150986,0,95,31,334,342,347,347,351,344,380,372,358,367,391,400,397,396,391,405,403,424,441,418,424,426,23,2,4,7,7,6,1,3,1,1,37,6,6,11,9,10,1,8,8,
1581156028.435183913,0,95,27,423,414,408,393,372,379,395,408,377,385,391,377,382,409,409,396,399,401,426,425,429,422,22,2,3,7,6,7,1,2,1,3,31,4,6,10,7,9,0,6,7,
1581156028.445238294,0,92,24,414,391,381,383,368,366,344,323,323,307,325,333,320,315,319,320,291,278,275,274,263,257,21,2,3,7,6,5,2,2,3,2,28,5,6,7,6,7,0,5,7,
1581156028.455156914,1,92,23,256,226,228,253,244,247,263,242,252,256,265,270,258,256,259,263,232,199,212,235,237,250,20,0,4,6,6,5,3,2,2,1,29,5,6,9,7,7,1,7,5,
1581156028.465175396,0,92,21,272,244,226,238,250,250,254,248,224,230,233,231,237,224,232,245,243,231,204,213,197,238,20,2,4,5,4,6,1,2,2,2,25,4,6,7,6,6,0,5,5,
1581156028.475141624,0,91,18,243,260,255,265,260,280,275,278,265,248,255,259,256,273,260,233,233,198,219,226,237,233,19,2,4,6,4,5,3,2,2,1,25,3,4,5,4,6,0,4,4,
1581156028.485161540,0,91,18,241,227,214,197,188,198,185,159,151,139,154,168,146,139,118,121,116,128,123,121,111,135,17,2,4,5,5,4,2,2,2,1,23,5,5,6,5,6,0,4,3,
1581156028.495168084,0,90,18,145,131,122,140,146,131,135,128,110,105,96,90,89,77,73,51,31,31,11,4,11,10,17,2,4,4,5,4,3,1,2,2,23,3,4,5,5,3,0,4,5,
1581156028.505156903,0,90,18,6,0,31,46,50,61,56,46,44,66,67,44,43,61,58,41,38,38,3,5,21,37,17,1,2,5,3,4,3,2,1,1,24,4,4,5,5,6,1,5,4,
1581156028.515129382,0,88,20,34,28,29,26,36,51,76,77,69,60,89,88,108,128,126,144,127,127,131,129,136,127,18,2,3,6,4,4,3,2,2,0,25,4,4,6,6,4,0,4,6,
1581156028.525150150,0,88,22,131,111,133,126,129,142,115,90,95,93,97,108,107,84,57,56,72,84,69,74,63,72,20,3,2,7,4,4,2,2,2,0,24,4,4,7,6,4,0,4,4,
1581156028.535237259,0,91,22,61,64,79,78,66,69,81,98,117,123,116,99,118,115,125,120,151,145,153,126,104,94,23,2,5,7,5,5,3,2,2,1,22,3,3,5,4,4,0,5,6,
1581156028.545246902,0,88,25,103,100,104,108,91,95,108,101,108,118,107,91,106,104,123,128,137,135,147,146,150,153,24,2,4,7,6,6,3,2,1,1,24,3,4,6,4,5,0,6,4,
1581156028.555137442,0,88,27,156,166,160,168,170,182,188,204,194,182,188,178,196,197,198,193,195,198,204,223,242,224,25,3,5,8,5,7,2,1,1,0,27,3,2,6,6,5,1,3,6,
1581156028.565182273,0,87,29,220,225,233,238,237,244,249,245,264,263,262,250,242,257,265,266,260,252,240,245,249,255,26,2,5,10,5,8,3,1,0,0,28,3,3,7,6,6,1,5,5,
1581156028.575244147,0,86,32,249,261,264,261,265,288,282,274,280,286,292,295,300,298,308,307,297,285,273,283,278,269,30,5,3,10,6,8,3,2,0,2,29,3,4,7,6,4,0,5,7,
1581156028.585256870,0,85,34,279,288,258,246,249,252,253,266,263,251,258,277,268,261,258,250,253,249,235,256,246,220,30,3,5,11,7,8,3,1,0,2,33,5,5,8,7,8,2,7,7,
1581156028.595172798,0,88,37,234,230,227,220,236,238,242,248,257,255,249,267,260,262,268,267,267,293,296,287,282,300,29,2,5,9,7,8,3,1,0,0,37,3,5,10,8,8,1,6,7,
1581156028.605170177,0,88,40,296,292,286,290,284,289,288,308,290,285,297,305,295,291,297,296,286,300,332,323,313,292,30,3,4,11,7,7,2,2,0,1,41,4,7,11,8,8,1,7,8,
1581156028.615165190,0,89,42,308,306,298,298,306,288,286,305,303,284,278,301,291,299,304,294,303,327,321,319,311,313,30,1,4,9,7,8,1,0,1,0,45,5,6,13,9,11,2,6,9,
1581156028.625181345,1,89,46,323,328,355,340,326,354,361,365,387,366,346,351,387,398,396,392,398,397,388,399,420,417,31,1,5,10,7,8,3,0,2,0,47,6,7,13,10,10,2,7,10,
1581156028.635137977,0,86,51,412,423,426,432,424,425,422,435,435,436,429,432,433,438,424,405,405,414,412,428,429,413,37,2,5,12,7,11,3,1,0,0,49,4,7,13,10,10,2,7,9,
1581156028.645166156,0,87,53,386,393,401,393,380,392,376,370,376,352,330,331,327,316,307,278,265,267,276,284,287,278,42,4,7,14,9,14,2,2,1,0,48,5,7,11,11,10,3,8,9,
1581156028.655221906,0,88,54,239,250,235,244,238,224,210,207,220,214,228,214,211,210,226,221,214,200,194,202,199,190,42,2,7,14,9,12,2,1,0,0,50,3,7,13,10,10,2,9,8,
1581156028.665239182,1,90,57,180,186,184,176,172,177,190,185,186,204,185,175,174,180,198,214,224,227,223,216,228,225,43,3,6,14,10,14,1,1,1,2,50,3,7,14,10,10,2,9,10,
1581156028.675170987,0,92,57,241,218,218,217,211,233,243,216,200,202,188,195,213,188,170,168,169,172,169,145,133,122,45,5,6,15,10,14,2,1,0,1,51,2,6,12,9,11,3,10,10,
1581156028.685307438,0,91,56,129,125,106,78,78,67,66,50,35,29,6,26,32,22,16,0,15,6,2,14,28,51,44,3,7,15,11,14,1,1,0,0,51,4,7,13,11,10,2,7,11,
1581156028.695288473,0,91,55,41,29,22,29,41,50,49,41,49,44,55,50,45,55,22,37,26,1,3,5,11,14,43,4,7,13,11,12,2,1,1,1,52,4,7,14,9,11,3,7,12,
1581156028.705314008,1,88,57,1,9,14,35,31,23,39,57,52,58,74,62,51,70,78,88,83,76,84,87,88,106,42,4,5,14,10,12,2,0,0,1,54,5,8,14,12,14,3,7,11,
1581156028.715297943,0,89,58,97,75,95,112,99,95,113,112,99,105,122,112,91,102,112,108,111,99,105,92,93,112,41,4,5,14,11,12,0,0,0,1,56,7,8,16,13,13,3,9,10,
1581156028.725296088,1,88,59,96,62,58,51,55,58,53,56,76,72,75,68,67,63,73,73,96,77,72,83,65,69,40,2,5,13,9,12,1,0,0,0,58,6,9,17,12,14,2,10,12,
1581156028.735228583,0,90,59,86,95,93,86,80,101,102,90,109,111,115,120,125,97,116,117,117,124,105,104,106,83,40,3,6,14,11,11,0,0,0,0,59,7,10,17,14,14,2,9,11,
1581156028.745210520,0,92,58,99,103,84,56,55,68,76,58,42,39,31,39,34,26,7,23,23,10,14,20,10,15,40,3,6,12,9,12,0,0,0,1,61,6,10,17,14,15,1,8,12,
1581156028.755208715,0,91,56,15,43,56,74,81,77,70,102,113,106,107,109,112,98,104,117,107,119,106,118,114,116,38,3,5,12,9,11,1,1,0,0,61,7,9,17,14,15,2,9,12,
1581156028.765174349,0,90,57,101,109,110,117,116,109,88,98,111,101,94,89,58,58,70,72,69,57,38,46,44,40,37,2,4,12,9,10,1,0,0,1,61,9,10,19,14,14,2,10,11,
1581156028.775194723,0,92,58,45,43,42,29,28,11,19,4,6,1,3,2,10,13,32,13,29,29,35,39,48,35,37,2,5,11,8,10,1,0,0,1,61,8,10,17,14,15,2,10,11,
1581156028.785206566,0,95,56,32,23,25,25,24,23,7,6,14,9,0,19,38,61,79,85,66,78,80,69,75,64,37,2,5,11,9,11,1,0,0,1,60,7,10,17,14,14,1,8,12,
1581156028.795175091,1,92,54,75,97,101,111,99,107,104,114,118,137,145,134,144,152,144,138,140,145,159,183,188,192,36,3,5,10,9,11,1,1,1,0,59,9,10,18,13,15,2,9,12,
1581156028.805290189,0,91,51,197,203,219,230,233,228,232,245,249,251,259,255,254,262,270,272,263,266,265,248,245,246,34,1,5,11,9,8,1,0,2,1,59,8,11,17,13,14,0,10,10,
1581156028.815217911,1,92,49,244,234,255,249,237,251,267,248,238,255,256,250,239,245,244,259,256,263,246,220,226,230,33,2,5,9,8,8,1,1,0,1,52,5,8,14,11,13,0,8,8,
1581156028.825334555,1,89,47,240,222,207,212,200,185,190,188,145,158,166,159,146,155,147,126,133,150,132,115,121,112,37,4,5,11,9,10,2,2,0,0,46,5,6,13,10,10,0,8,10,
1581156028.835341593,0,91,48,110,106,104,100,85,76,69,97,81,69,83,84,67,63,71,58,70,70,84,79,62,65,39,4,7,11,10,11,1,2,0,0,43,5,5,13,9,10,0,7,9,
1581156028.845355119,0,93,46,59,61,73,96,93,93,118,131,128,120,123,133,115,130,134,142,143,150,147,149,153,168,38,4,7,12,10,11,1,1,0,1,40,4,6,11,9,10,1,8,10,
1581156028.855310139,1,93,42,185,183,189,191,193,190,198,222,219,218,244,252,244,265,262,267,260,277,280,282,290,303,39,5,7,14,10,12,0,2,1,1,36,2,6,10,9,10,1,8,9,
1581156028.865209690,0,93,38,300,300,304,304,310,319,330,349,348,334,343,342,343,334,333,329,338,352,360,361,351,356,37,5,5,14,9,11,1,3,0,2,32,3,5,8,8,7,0,8,7,
1581156028.875188641,1,93,35,350,357,361,375,373,364,356,355,347,342,362,367,358,336,343,357,354,353,359,346,336,345,34,3,6,11,7,10,1,2,0,1,32,4,5,8,9,6,0,6,8,
1581156028.885233718,0,91,32,358,338,320,324,325,324,316,324,309,287,303,311,304,282,281,283,298,294,282,266,252,252,31,4,7,11,9,9,2,2,0,1,30,4,4,8,7,8,0,6,7,
1581156028.895177662,0,91,31,259,258,263,257,244,255,251,251,234,227,227,219,223,228,220,210,216,232,254,245,254,261,29,3,5,9,9,8,1,4,0,2,28,3,5,7,7,7,0,6,8,
