timestamp,posx,posy,posz,ox,oy,oz, ow
1581229931.046107021,0.719891,0.000395237,0.69054,-0.000233297,0.707055,0.000202165,0.707158
1581229931.052801531,0.71987,0.000385204,0.690511,-0.000206749,0.707058,0.000212052,0.707155
1581229931.058917187,0.719836,0.000379042,0.690488,-0.000193159,0.707062,0.000214398,0.707151
1581229931.065213927,0.71979,0.000374668,0.690461,-0.000171993,0.707069,0.000225671,0.707144
1581229931.071969802,0.719719,0.000372463,0.690426,-0.000147482,0.707084,0.000246889,0.707129
1581229931.080089527,0.71962,0.000374611,0.69039,-0.000142058,0.707103,0.000256265,0.707111
1581229931.086780493,0.719515,0.000376103,0.690369,-0.000141236,0.707115,0.000263612,0.707098
1581229931.093033174,0.719411,0.00037372,0.690358,-0.000135678,0.707123,0.000269957,0.707091
1581229931.099158367,0.719298,0.000373691,0.690344,-0.00015258,0.707133,0.0002574,0.707081
1581229931.105886247,0.719149,0.000376107,0.690346,-0.00016985,0.707133,0.000243936,0.707081
1581229931.112191949,0.71901,0.00038119,0.690357,-0.000180501,0.707127,0.000238278,0.707086
1581229931.119086349,0.718833,0.000387336,0.690376,-0.00019025,0.70712,0.00023753,0.707094
1581229931.126107203,0.718644,0.000387486,0.690397,-0.000195329,0.70711,0.000232141,0.707103
1581229931.132262265,0.71848,0.0003841,0.690417,-0.000195509,0.7071,0.000227019,0.707114
1581229931.138900621,0.718284,0.000383197,0.690442,-0.000203929,0.707088,0.000218126,0.707125
1581229931.145201326,0.718114,0.000382784,0.690467,-0.000213435,0.707076,0.000207587,0.707137
1581229931.151931031,0.717916,0.00038194,0.690495,-0.000224114,0.707066,0.00019983,0.707148
1581229931.158100242,0.717748,0.000383174,0.690515,-0.000252058,0.707062,0.000181932,0.707152
1581229931.164201228,0.717583,0.000382424,0.69053,-0.000263097,0.707061,0.000176755,0.707153
1581229931.205352825,0.716487,0.000346668,0.690634,-0.000251479,0.70696,6.15808e-05,0.707253
1581229931.212183484,0.716309,0.000343493,0.69064,-0.000238032,0.706955,6.44791e-05,0.707259
1581229931.218317861,0.716135,0.000343028,0.690637,-0.000231354,0.706959,7.31327e-05,0.707254
1581229931.225001099,0.715989,0.000345788,0.690629,-0.000230906,0.706969,8.52037e-05,0.707244
1581229931.231263904,0.715842,0.000348695,0.690627,-0.000229367,0.706976,9.86038e-05,0.707237
1581229931.237790362,0.715666,0.000354341,0.690628,-0.000234446,0.706983,0.000108152,0.707231
1581229931.244107812,0.715518,0.000359226,0.69062,-0.000247643,0.706994,0.000111415,0.707219
1581229931.250207378,0.715348,0.000365188,0.690606,-0.000246479,0.707011,0.000131306,0.707203
1581229931.256832467,0.715205,0.000367822,0.690595,-0.0002394,0.707024,0.000150937,0.70719
1581229931.263109966,0.715059,0.000369519,0.690586,-0.000229436,0.707033,0.000169931,0.70718
1581229931.269787115,0.714885,0.000368373,0.690584,-0.000220875,0.707038,0.00018143,0.707176
1581229931.281039345,0.714617,0.000363864,0.690574,-0.000209316,0.707043,0.000188814,0.70717
1581229931.287236666,0.714473,0.000361492,0.690561,-0.000206277,0.707048,0.00018876,0.707166
1581229931.293957749,0.714304,0.000359417,0.690557,-0.000214019,0.707047,0.00017775,0.707167
1581229931.300184254,0.714156,0.000359464,0.690561,-0.00021468,0.707045,0.000177801,0.707169
1581229931.307172290,0.71398,0.000360206,0.69056,-0.000226155,0.707046,0.000167028,0.707168
1581229931.313944305,0.713807,0.00036107,0.690556,-0.000229842,0.707049,0.000165719,0.707164
1581229931.320071304,0.71366,0.000362196,0.69055,-0.000243294,0.707056,0.000159486,0.707157
1581229931.326762598,0.713488,0.000363553,0.690547,-0.000248041,0.707061,0.000162186,0.707152
1581229931.335049401,0.713339,0.00036374,0.690546,-0.000256176,0.707059,0.000151951,0.707154
1581229931.383278411,0.712092,0.000324976,0.690567,-0.000221165,0.706991,7.91348e-05,0.707223
1581229931.389857157,0.711917,0.000323692,0.690561,-0.000208038,0.707002,9.9552e-05,0.707211
1581229931.396363943,0.711767,0.000325471,0.690558,-0.000207157,0.707011,0.000111031,0.707202
1581229931.402902252,0.711593,0.000330757,0.690554,-0.000204036,0.707022,0.000131496,0.707192
1581229931.409136666,0.711445,0.000335945,0.69055,-0.000212991,0.707033,0.000140023,0.707181
1581229931.415835452,0.711271,0.000343141,0.690542,-0.000215553,0.707047,0.000158726,0.707166
1581229931.422266699,0.711122,0.000349524,0.69054,-0.000230919,0.707056,0.000161251,0.707158
1581229931.428812878,0.710945,0.00035621,0.690537,-0.00022961,0.707065,0.000177076,0.707149
1581229931.435092513,0.710795,0.000358654,0.690532,-0.000228969,0.707068,0.000178135,0.707145
1581229931.441826974,0.710622,0.00035861,0.690533,-0.000215656,0.707059,0.000178909,0.707154
1581229931.447955135,0.710472,0.000355855,0.690535,-0.000211524,0.707049,0.000167577,0.707164
1581229931.454203468,0.710321,0.000351386,0.690538,-0.000199755,0.707038,0.000160697,0.707175
1581229931.460888603,0.710144,0.000344065,0.690543,-0.000182516,0.707028,0.000157194,0.707186
1581229931.500015811,0.709995,0.000338829,0.690539,-0.000176344,0.707024,0.000150802,0.707189
1581229931.506851371,0.708975,0.000318473,0.690521,-0.000140648,0.707043,0.000175876,0.70717
1581229931.513113755,0.708824,0.000315494,0.690528,-0.000135383,0.707035,0.000172251,0.707179
1581229931.519200790,0.70867,0.000311366,0.690532,-0.00013446,0.707026,0.000161308,0.707187
1581229931.525818512,0.708493,0.000304881,0.690539,-0.000134213,0.707015,0.000145639,0.707199
1581229931.531943221,0.708344,0.000299509,0.690541,-0.000134693,0.70701,0.000134294,0.707204
1581229931.538154950,0.708196,0.00029443,0.690537,-0.000131293,0.707012,0.000132779,0.707202
1581229931.544343417,0.708046,0.000291889,0.690533,-0.000145736,0.707018,0.000121829,0.707196
1581229931.550835189,0.707866,0.000288287,0.690543,-0.000146387,0.707018,0.000123032,0.707196
1581229931.557013511,0.707715,0.00028716,0.690541,-0.000154943,0.707027,0.000122746,0.707186
1581229931.563079801,0.707565,0.000286273,0.690532,-0.000164328,0.707041,0.000124419,0.707172
1581229931.569193901,0.707417,0.000288064,0.690524,-0.000181795,0.707056,0.000122929,0.707158
1581229931.612938448,0.706316,0.000322977,0.69053,-0.0002268,0.707041,0.000102993,0.707173
1581229931.619143685,0.706165,0.000328778,0.690542,-0.000233882,0.707023,8.9977e-05,0.707191
1581229931.625850003,0.705992,0.00033428,0.690546,-0.00022958,0.707009,8.70798e-05,0.707204
1581229931.631921882,0.705843,0.000338886,0.69055,-0.000225637,0.707002,8.89078e-05,0.707212
1581229931.638156300,0.705693,0.000346097,0.69055,-0.000226373,0.707006,0.000100231,0.707207
1581229931.644336546,0.705542,0.000351267,0.690549,-0.000235322,0.707015,0.000106425,0.707199
1581229931.650829845,0.705365,0.000356239,0.690546,-0.000242313,0.707029,0.000119612,0.707184
1581229931.656949263,0.705215,0.000356894,0.690543,-0.000248767,0.70704,0.00012501,0.707174
1581229931.663175628,0.705065,0.000358865,0.690535,-0.000250823,0.707055,0.000138415,0.707159
1581229931.669253831,0.704915,0.00036032,0.69053,-0.000253217,0.707068,0.000150764,0.707145
1581229931.676939244,0.704714,0.00036075,0.690528,-0.00024229,0.707078,0.00016993,0.707136
1581229931.683107422,0.704565,0.000358208,0.690528,-0.000222499,0.707075,0.000181187,0.707138
1581229931.724295387,0.703544,0.000324794,0.690544,-0.000146993,0.70701,0.000147647,0.707204
1581229931.730992614,0.703369,0.000322222,0.690539,-0.000161504,0.707024,0.000144346,0.70719
1581229931.737092005,0.703216,0.000320205,0.690538,-0.000170048,0.707034,0.000144089,0.707179
1581229931.743269934,0.703064,0.000318951,0.690537,-0.00016701,0.707046,0.000156602,0.707168
1581229931.749877140,0.70289,0.000316253,0.69053,-0.000177696,0.707062,0.000157473,0.707152
1581229931.756069564,0.70274,0.000314804,0.690523,-0.000177679,0.707077,0.000168366,0.707137
1581229931.762125523,0.702588,0.000313251,0.690522,-0.000177718,0.707087,0.000176373,0.707127
1581229931.814104637,0.701336,0.000329124,0.69056,-0.00015025,0.707008,0.000153136,0.707206
1581229931.820205810,0.701163,0.00033672,0.690552,-0.000151186,0.707021,0.000171023,0.707192
1581229931.826984114,0.700987,0.000342055,0.690556,-0.000154971,0.707026,0.000181172,0.707188
1581229931.833301370,0.700834,0.00034507,0.690563,-0.000156344,0.707031,0.000193196,0.707183
1581229931.840044435,0.700657,0.000345656,0.690565,-0.000169039,0.707039,0.000191932,0.707175
1581229931.846338893,0.700482,0.000342845,0.690566,-0.000173698,0.707045,0.000192905,0.707168
1581229931.853182114,0.700335,0.000338058,0.690563,-0.000172613,0.707052,0.00019558,0.707162
1581229931.859956128,0.700157,0.000334749,0.690565,-0.000181461,0.707054,0.000186453,0.70716
1581229931.866303125,0.700003,0.000330747,0.69057,-0.000182091,0.707051,0.000181505,0.707162
1581229931.874043336,0.699826,0.000324301,0.690576,-0.000190213,0.707043,0.000161286,0.707171
1581229931.880764235,0.699654,0.000318418,0.690574,-0.000187643,0.707038,0.000152582,0.707176
1581229931.886932490,0.69948,0.000312426,0.690575,-0.000192205,0.707031,0.000136981,0.707183
1581229931.893159137,0.699329,0.000309421,0.690579,-0.000203957,0.707024,0.000118097,0.70719
1581229931.900004819,0.699151,0.000304042,0.690584,-0.000201876,0.707016,0.000109643,0.707198
1581229931.940371475,0.69814,0.000292926,0.690546,-0.000199627,0.707053,0.000121346,0.707161
1581229931.946860421,0.697968,0.000291787,0.69054,-0.000197129,0.707054,0.00012283,0.707159
1581229931.952998212,0.697819,0.000294332,0.690535,-0.00019877,0.707057,0.000122769,0.707157
1581229931.959139096,0.697669,0.000297908,0.690534,-0.000192842,0.707057,0.0001307,0.707157
1581229931.965324986,0.69752,0.000302663,0.690533,-0.000185962,0.707056,0.000139496,0.707158
1581229931.972098512,0.697347,0.00030995,0.690528,-0.000180342,0.707056,0.000149237,0.707157
1581229931.979318187,0.697175,0.000319599,0.69052,-0.00017398,0.707059,0.000163359,0.707155
1581229931.986122183,0.697001,0.000329628,0.690524,-0.000171016,0.707053,0.000172709,0.70716
1581229931.992922079,0.696852,0.000339086,0.690522,-0.000167988,0.707056,0.000185659,0.707158
1581229931.999228123,0.696678,0.000351802,0.690514,-0.000185996,0.707065,0.000185668,0.707148
1581229932.005406062,0.696529,0.000361149,0.690508,-0.000207818,0.707073,0.00017942,0.70714
1581229932.011963489,0.696357,0.000372396,0.690498,-0.000227208,0.707086,0.000181796,0.707128
1581229932.053948238,0.695314,0.00036136,0.690492,-0.000233334,0.707058,0.000127369,0.707156
1581229932.060256495,0.695165,0.000352588,0.690492,-0.000222654,0.707049,0.000118925,0.707165
1581229932.066810818,0.694992,0.00034256,0.690492,-0.000218706,0.707039,0.000104386,0.707175
1581229932.073973136,0.694843,0.000337249,0.690493,-0.000226528,0.707039,9.30667e-05,0.707175
1581229932.080972062,0.694641,0.000332047,0.69049,-0.000220113,0.70705,0.000104261,0.707164
1581229932.087081130,0.694489,0.000329339,0.690488,-0.000216724,0.707057,0.00011066,0.707157
1581229932.093223466,0.694339,0.000326285,0.690487,-0.000214783,0.707065,0.000118235,0.707148
1581229932.099924436,0.694167,0.000322091,0.690479,-0.000213963,0.707079,0.000126111,0.707135
1581229932.106127363,0.694018,0.000318288,0.690475,-0.000214747,0.707089,0.000130412,0.707125
1581229932.112304887,0.693867,0.000315083,0.690474,-0.000211567,0.707096,0.000137556,0.707118
1581229932.119166943,0.69369,0.000311179,0.690477,-0.000205979,0.707099,0.000143355,0.707114
1581229932.125321889,0.693541,0.000307166,0.690474,-0.000204992,0.707103,0.000142217,0.707111
1581229932.167312791,0.692496,0.000304619,0.690477,-0.000176945,0.707097,0.00016766,0.707116
1581229932.174966256,0.692295,0.000311884,0.690474,-0.000203566,0.707104,0.000154545,0.707109
1581229932.181153546,0.692141,0.000318395,0.690481,-0.00021265,0.707103,0.000154835,0.70711
1581229932.187211991,0.69199,0.000322965,0.690485,-0.000219181,0.707098,0.000150294,0.707115
1581229932.193895323,0.691816,0.000327846,0.690486,-0.000237963,0.707091,0.000132717,0.707122
1581229932.200033190,0.691668,0.000331144,0.690483,-0.000235274,0.707089,0.000133801,0.707125
1581229932.206318565,0.691519,0.000332588,0.690483,-0.000235419,0.707084,0.000128911,0.70713
1581229932.212907509,0.691342,0.000333091,0.690493,-0.000228527,0.707068,0.000122628,0.707145
1581229932.218977533,0.691191,0.000329762,0.690496,-0.000210651,0.707056,0.00012367,0.707157
1581229932.225249265,0.691042,0.000323467,0.690496,-0.00020245,0.707045,0.00011249,0.707168
1581229932.231354100,0.690894,0.000314473,0.690498,-0.000199321,0.707034,9.60536e-05,0.707179
1581229932.237917046,0.690721,0.000306266,0.690493,-0.000188032,0.707035,9.70572e-05,0.707178
1581229932.280287950,0.689671,0.000292567,0.69047,-0.000207779,0.707109,0.000125908,0.707105
1581229932.287997867,0.689495,0.000293159,0.690469,-0.000211333,0.707116,0.000129961,0.707097
1581229932.294187452,0.689322,0.000290669,0.690471,-0.00020914,0.70711,0.000125783,0.707103
1581229932.300762549,0.689171,0.000288519,0.690476,-0.000206905,0.7071,0.000118148,0.707114
1581229932.308275531,0.68897,0.000287997,0.690479,-0.000194202,0.707085,0.000116038,0.707128
1581229932.314722446,0.688821,0.000286797,0.69048,-0.00018221,0.707074,0.000114566,0.70714
1581229932.321155390,0.688645,0.000286915,0.690485,-0.000174042,0.707059,0.000109629,0.707155
1581229932.327169606,0.688496,0.000288113,0.690484,-0.000167387,0.70705,0.00010951,0.707164
1581229932.334616256,0.688345,0.000290833,0.690489,-0.000168702,0.707041,0.000106217,0.707172
1581229932.339929093,0.688169,0.000295855,0.690494,-0.000170863,0.707042,0.000112651,0.707172
1581229932.346115705,0.68802,0.000302675,0.69049,-0.00016802,0.707053,0.000131929,0.70716
1581229932.352810051,0.687847,0.000310511,0.690485,-0.000176384,0.707069,0.000144236,0.707145
1581229932.394056272,0.686822,0.000360195,0.690503,-0.000213272,0.707075,0.000176493,0.707138
1581229932.400683164,0.686669,0.000363136,0.690511,-0.000214019,0.707057,0.000166454,0.707156
1581229932.407085702,0.686492,0.000366122,0.690522,-0.000210057,0.707037,0.000159487,0.707177
1581229932.413218626,0.686343,0.000365681,0.690529,-0.000210584,0.707019,0.000145242,0.707195
1581229932.419856630,0.686171,0.0003652,0.690528,-0.00020458,0.70701,0.000142889,0.707203
1581229932.426070765,0.68602,0.000362765,0.690528,-0.000200267,0.707013,0.000146647,0.707201
1581229932.432287564,0.685868,0.000358931,0.690531,-0.000208177,0.707018,0.000141116,0.707196
1581229932.439130163,0.685691,0.000351999,0.69053,-0.000206495,0.70703,0.00014742,0.707183
1581229932.445304722,0.68554,0.000346584,0.690525,-0.000202546,0.707045,0.0001574,0.707169
1581229932.451966284,0.685367,0.000339762,0.690514,-0.00020463,0.707065,0.000162118,0.707148
1581229932.457997611,0.685217,0.000333963,0.690512,-0.000205781,0.707077,0.000166365,0.707137
1581229932.464229068,0.685064,0.00033095,0.690512,-0.000207825,0.707089,0.000172406,0.707125
1581229932.470319210,0.684911,0.000327192,0.690513,-0.000217882,0.707092,0.000161875,0.707122
1581229932.515858449,0.683782,0.000286636,0.690554,-0.000139689,0.707004,0.000128005,0.707209
1581229932.521894588,0.683609,0.000283575,0.690558,-0.000132175,0.707,0.000130309,0.707214
1581229932.528350606,0.683457,0.000283439,0.690559,-0.000138787,0.707007,0.000130096,0.707207
1581229932.534901243,0.683277,0.00028538,0.690559,-0.00014184,0.707018,0.000139325,0.707195
1581229932.541078006,0.683126,0.00028709,0.69055,-0.000157361,0.707035,0.0001385,0.707178
1581229932.547267285,0.682977,0.000288482,0.690543,-0.000183775,0.70705,0.000125172,0.707163
1581229932.553977006,0.682802,0.000291298,0.690534,-0.000205136,0.707068,0.000119837,0.707146
1581229932.560086607,0.682651,0.000295938,0.690529,-0.000216567,0.707083,0.000124838,0.70713
1581229932.566157058,0.682498,0.000300575,0.690529,-0.000232702,0.707088,0.000117885,0.707125
1581229932.572344057,0.682348,0.000303006,0.690531,-0.000247269,0.707083,0.000103557,0.70713
1581229932.580174062,0.682151,0.00030395,0.690529,-0.000244147,0.70707,9.46097e-05,0.707144
1581229932.586335996,0.682001,0.00030423,0.690534,-0.00024141,0.707054,8.35862e-05,0.707159
1581229932.630463780,0.681826,0.000304696,0.690543,-0.000236201,0.707032,7.06922e-05,0.707182
1581229932.637124359,0.680726,0.000292888,0.69053,-0.000182994,0.707056,0.000121006,0.707158
1581229932.643171507,0.680577,0.000290375,0.690523,-0.00017025,0.707071,0.000140828,0.707142
1581229932.649360615,0.680427,0.000288137,0.690515,-0.000172805,0.707087,0.000146029,0.707127
1581229932.655997924,0.680251,0.000289814,0.690507,-0.000174616,0.707102,0.000155753,0.707111
1581229932.662001092,0.680101,0.000292515,0.690505,-0.000166482,0.707104,0.000166481,0.707109
1581229932.668211510,0.679953,0.000296145,0.690502,-0.000160582,0.707102,0.000171493,0.707112
1581229932.675937232,0.679755,0.000301104,0.690503,-0.000145671,0.707092,0.000180994,0.707122
1581229932.682038363,0.679605,0.000304856,0.690508,-0.000137,0.707077,0.000181884,0.707137
1581229932.688259794,0.679454,0.000309093,0.69052,-0.000137286,0.707058,0.000175908,0.707155
1581229932.694388827,0.679303,0.000313497,0.690529,-0.000139272,0.707041,0.000168469,0.707172
1581229932.700936945,0.679155,0.000316044,0.690533,-0.000132715,0.707025,0.000166557,0.707188
1581229932.706999853,0.678981,0.000319246,0.690539,-0.000127723,0.707012,0.000165974,0.707201
1581229932.750406101,0.677905,0.000361145,0.690542,-0.000194617,0.707074,0.000196083,0.707139
1581229932.756941271,0.677727,0.000366844,0.69055,-0.000207203,0.707075,0.000192978,0.707139
1581229932.763071152,0.677576,0.000369937,0.690551,-0.000209069,0.707071,0.000192244,0.707142
1581229932.769325388,0.677427,0.000372398,0.690553,-0.000215732,0.707063,0.00018339,0.70715
1581229932.777156267,0.677228,0.000374673,0.69056,-0.000224706,0.707045,0.000165891,0.707168
1581229932.783276275,0.677075,0.00037746,0.690571,-0.000221587,0.707027,0.000160234,0.707186
1581229932.789943650,0.676897,0.000379699,0.69058,-0.000218503,0.707006,0.000150234,0.707207
1581229932.795972067,0.676746,0.000382088,0.690585,-0.00022568,0.706991,0.000133757,0.707222
1581229932.802161386,0.676598,0.000384229,0.690583,-0.000222594,0.706985,0.000133115,0.707229
1581229932.808241220,0.67645,0.000388142,0.690581,-0.000215066,0.706987,0.000146807,0.707227
1581229932.814955726,0.676273,0.000394303,0.690583,-0.000220275,0.706994,0.000154964,0.707219
1581229932.821055881,0.67612,0.000400217,0.690583,-0.000228764,0.707006,0.000163021,0.707208
1581229932.865320955,0.675017,0.000381661,0.690567,-0.000198242,0.707057,0.000210408,0.707156
1581229932.871418677,0.674869,0.000376885,0.690568,-0.000188462,0.707049,0.000208962,0.707165
1581229932.879185885,0.674669,0.000372274,0.690572,-0.000178635,0.707035,0.000203406,0.707179
1581229932.885315864,0.674518,0.000371184,0.690577,-0.000174795,0.707024,0.00019936,0.707189
1581229932.891394788,0.674367,0.000369279,0.690577,-0.000166188,0.707016,0.000199137,0.707197
1581229932.898069434,0.674193,0.000365577,0.69058,-0.000162437,0.707004,0.000191157,0.707209
1581229932.904120543,0.674045,0.000361422,0.690579,-0.000160094,0.706997,0.000183318,0.707216
1581229932.910267268,0.673895,0.000359224,0.690577,-0.00015513,0.706996,0.000183349,0.707218
1581229932.916821934,0.673744,0.000357623,0.690575,-0.000157165,0.707002,0.000183676,0.707212
1581229932.923009266,0.673569,0.000357752,0.690571,-0.000171749,0.707015,0.000180109,0.707199
1581229932.936114365,0.673247,0.000357016,0.690551,-0.00018942,0.70705,0.000185904,0.707164
1581229932.942206368,0.673097,0.000357363,0.690545,-0.000204967,0.707063,0.000181452,0.70715
1581229932.988933021,0.671922,0.000355965,0.690559,-0.000225527,0.707019,0.000130079,0.707195
1581229932.995273702,0.671772,0.000358336,0.690566,-0.000224531,0.707005,0.000123056,0.707209
1581229933.001366438,0.671621,0.000363169,0.690565,-0.000221783,0.706999,0.000124659,0.707215
1581229933.008032182,0.671445,0.000370013,0.690565,-0.000231251,0.707001,0.000124474,0.707212
1581229933.014368403,0.671293,0.000377597,0.690564,-0.000252378,0.707009,0.000117707,0.707204
1581229933.020791921,0.671118,0.00038548,0.690553,-0.000264644,0.707028,0.000123758,0.707186
1581229933.027063946,0.670969,0.000389764,0.690545,-0.000264599,0.707043,0.000136394,0.70717
1581229933.033373563,0.670793,0.000392522,0.690538,-0.00027103,0.707059,0.000142044,0.707154
1581229933.040141932,0.670641,0.000392811,0.690537,-0.000277872,0.707069,0.000141403,0.707145
1581229933.046169276,0.670489,0.000393627,0.690536,-0.000277466,0.70708,0.00014961,0.707134
1581229933.052266086,0.67034,0.000392933,0.690536,-0.00027657,0.707087,0.000156153,0.707126
1581229933.058354871,0.670168,0.000391604,0.690538,-0.000281842,0.707086,0.000151498,0.707127
1581229933.107092883,0.668963,0.000391481,0.690621,-0.000245766,0.70697,0.000128758,0.707244
1581229933.113399800,0.66881,0.000391736,0.690625,-0.00024544,0.706971,0.00013197,0.707242
1581229933.119219372,0.668661,0.000391702,0.690622,-0.00024447,0.706982,0.00013986,0.707231
1581229933.126236367,0.668489,0.000391842,0.69061,-0.000244489,0.707,0.00014902,0.707213
1581229933.132965072,0.668341,0.000391633,0.690606,-0.000247699,0.707014,0.000154658,0.707199
1581229933.139271592,0.668163,0.000392275,0.690612,-0.000250094,0.707023,0.000162648,0.70719
1581229933.145181274,0.668011,0.000392229,0.690612,-0.000253139,0.707033,0.000167037,0.707181
1581229933.151332685,0.667861,0.000392514,0.690606,-0.000258022,0.707044,0.000169005,0.70717
1581229933.157364989,0.667713,0.000389753,0.690605,-0.000248768,0.707043,0.00017396,0.70717
1581229933.163955976,0.66754,0.000386047,0.690605,-0.000232075,0.707037,0.000181361,0.707176
1581229933.170119765,0.66739,0.000383585,0.690611,-0.000224087,0.707026,0.000179474,0.707188
1581229933.177327685,0.667211,0.000381508,0.690622,-0.000213223,0.707008,0.000176887,0.707205
1581229933.229319154,0.667037,0.000380137,0.690631,-0.000202674,0.706986,0.000173717,0.707227
1581229933.236037935,0.66574,0.000407206,0.690626,-0.000236354,0.707009,0.000190489,0.707204
1581229933.242056269,0.665589,0.000407618,0.690621,-0.000248074,0.707022,0.000187359,0.707192
1581229933.248231845,0.665438,0.000405265,0.69062,-0.000256267,0.707032,0.000183176,0.707182
1581229933.254323256,0.66529,0.000401664,0.690616,-0.000250777,0.707038,0.000188315,0.707175
1581229933.260906218,0.665115,0.000396327,0.690613,-0.000239845,0.707038,0.000191029,0.707176
1581229933.267065696,0.664964,0.000392324,0.690615,-0.000240729,0.707031,0.000181312,0.707182
1581229933.273342073,0.664814,0.000387484,0.690615,-0.000241423,0.707025,0.000170111,0.707189
1581229933.287030586,0.664491,0.000379737,0.690618,-0.000226916,0.707004,0.000163138,0.70721
1581229933.294158929,0.664317,0.000375741,0.690622,-0.000224345,0.706987,0.000150973,0.707226
1581229933.300272482,0.664166,0.000372071,0.69063,-0.000218287,0.706973,0.00014473,0.707241
1581229933.307971263,0.663966,0.000368136,0.690636,-0.00020201,0.706959,0.000149193,0.707255
1581229933.315098941,0.663793,0.000363459,0.690629,-0.000198339,0.706966,0.000150416,0.707247
1581229933.371000016,0.662362,0.000343117,0.690613,-0.000229157,0.707031,0.000146829,0.707183
1581229933.378298197,0.662188,0.00034298,0.690619,-0.000218133,0.707016,0.000148522,0.707198
1581229933.384840023,0.662015,0.00034358,0.690618,-0.00020696,0.707003,0.00014826,0.70721
1581229933.391137472,0.661864,0.000345866,0.690625,-0.000192901,0.706986,0.000151772,0.707227
1581229933.397178956,0.661712,0.000349229,0.690633,-0.000174221,0.706969,0.000161699,0.707244
1581229933.403356550,0.661559,0.000353704,0.690642,-0.000159014,0.706953,0.000170314,0.707261
1581229933.409837892,0.661384,0.000362218,0.690644,-0.000164602,0.706951,0.000171236,0.707263
1581229933.416099251,0.661235,0.000370554,0.690638,-0.00017252,0.706959,0.000176037,0.707255
1581229933.422291514,0.661085,0.000380546,0.690634,-0.000179477,0.70697,0.000186643,0.707243
1581229933.429084962,0.660906,0.000392316,0.690637,-0.000187694,0.706978,0.000196694,0.707236
1581229933.435188809,0.660753,0.000401368,0.690633,-0.000204475,0.706988,0.000194577,0.707225
1581229933.441397089,0.660604,0.000408322,0.690626,-0.000218105,0.707002,0.000195423,0.707211
1581229933.500009910,0.660432,0.000412463,0.690618,-0.000219359,0.707017,0.000207197,0.707196
1581229933.506263277,0.658988,0.00040081,0.690603,-0.000228228,0.706996,0.000165674,0.707217
1581229933.512339734,0.658839,0.000397224,0.690601,-0.000230839,0.706987,0.000152619,0.707226
1581229933.518859744,0.658667,0.0003934,0.690597,-0.000235383,0.706985,0.000141516,0.707228
1581229933.525174457,0.658519,0.000389472,0.690593,-0.000230493,0.70699,0.000144298,0.707224
1581229933.531254950,0.658369,0.000386662,0.69059,-0.00022373,0.706997,0.000151951,0.707216
1581229933.537978587,0.658193,0.000382269,0.690588,-0.000219761,0.707006,0.000154518,0.707208
1581229933.544297479,0.658045,0.000378405,0.690582,-0.000217885,0.707016,0.000156474,0.707197
1581229933.550359788,0.657897,0.000375101,0.690574,-0.000212213,0.707029,0.000164862,0.707184
1581229933.556933273,0.657748,0.000373746,0.690565,-0.000208144,0.707044,0.000175216,0.707169
1581229933.563163513,0.657573,0.000371941,0.690558,-0.00021794,0.707061,0.000174959,0.707153
1581229933.569335557,0.657423,0.000371339,0.690557,-0.000229973,0.707071,0.000171084,0.707142
1581229933.576905291,0.657223,0.000368077,0.690554,-0.000233804,0.707078,0.000168449,0.707135
1581229933.644282868,0.655549,0.000396075,0.690567,-0.000192719,0.707016,0.00019038,0.707198
1581229933.650289766,0.655401,0.000397426,0.69056,-0.000187593,0.707026,0.000201601,0.707187
1581229933.656472803,0.655251,0.0003973,0.690557,-0.000188289,0.707033,0.000205782,0.70718
1581229933.662966894,0.655073,0.000396236,0.690557,-0.000200675,0.707042,0.000199745,0.707172
1581229933.669078320,0.654924,0.000393526,0.690554,-0.000206504,0.707052,0.000198625,0.707162
1581229933.676406385,0.65475,0.000390294,0.690544,-0.000203475,0.70707,0.000207933,0.707144
1581229933.683055701,0.654574,0.000387021,0.690539,-0.00020097,0.707083,0.000214623,0.707131
1581229933.689019168,0.654424,0.00038473,0.690538,-0.000206396,0.70709,0.000211185,0.707123
1581229933.695265039,0.654272,0.000381561,0.690542,-0.000210947,0.707089,0.000203346,0.707125
1581229933.701386440,0.654123,0.000378249,0.690541,-0.000201588,0.707086,0.000205954,0.707128
1581229933.707419863,0.653951,0.000372839,0.69054,-0.000186499,0.707078,0.000210139,0.707135
1581229933.747440742,0.652973,0.000345914,0.690561,-0.000160479,0.707008,0.000162661,0.707205
1581229933.754094476,0.652796,0.000346727,0.690563,-0.000160902,0.707011,0.000164532,0.707203
1581229933.760122133,0.652642,0.00034862,0.690563,-0.000157989,0.707019,0.000174363,0.707195
1581229933.766257964,0.652491,0.000351852,0.690559,-0.000165973,0.707029,0.000176002,0.707185
1581229933.772468027,0.652342,0.000354224,0.690553,-0.000180962,0.707041,0.000170548,0.707173
1581229933.780227515,0.652146,0.000358756,0.690549,-0.000189143,0.707054,0.000175884,0.70716
1581229933.786398099,0.651997,0.000364068,0.690553,-0.000189531,0.707061,0.000187921,0.707153
1581229933.793017357,0.651819,0.00037286,0.690564,-0.000197402,0.707066,0.000197327,0.707148
1581229933.799057983,0.65167,0.00038056,0.690567,-0.000206174,0.70707,0.000201441,0.707143
1581229933.805154786,0.651521,0.000388184,0.690571,-0.000209836,0.707069,0.000206973,0.707144
1581229933.811252769,0.651373,0.000396909,0.690578,-0.000209371,0.707062,0.000215655,0.707152
1581229933.817362247,0.6512,0.000406226,0.690593,-0.000205367,0.707044,0.000224923,0.707169
1581229933.859054198,0.650172,0.000405607,0.69065,-0.000184854,0.70695,0.00020154,0.707264
1581229933.865129561,0.650021,0.00039292,0.690655,-0.000181583,0.70695,0.000194901,0.707263
1581229933.871341113,0.649872,0.000377098,0.690653,-0.000181731,0.706958,0.000184846,0.707255
1581229933.878929236,0.649674,0.00035525,0.690647,-0.000183392,0.70697,0.000167289,0.707243
1581229933.885086809,0.649524,0.000339642,0.690645,-0.000180945,0.706977,0.000158239,0.707237
1581229933.891190442,0.649374,0.000324353,0.690643,-0.000176973,0.706987,0.000152755,0.707227
1581229933.897330211,0.649224,0.000310812,0.690641,-0.000173907,0.706998,0.000148068,0.707216
1581229933.903490754,0.64905,0.000295826,0.690636,-0.000173286,0.707013,0.000141417,0.707201
1581229933.909917330,0.648901,0.000286193,0.690632,-0.00017336,0.707025,0.000138729,0.707189
1581229933.916124917,0.648751,0.000282443,0.690634,-0.000170653,0.707026,0.000140942,0.707187
1581229933.922241517,0.648601,0.000279758,0.690642,-0.000173327,0.70702,0.000134683,0.707194
1581229933.962157548,0.647604,0.00030777,0.690649,-0.000194002,0.706982,0.000113924,0.707231
1581229933.968468372,0.647455,0.000314895,0.690652,-0.000200486,0.706974,0.000111507,0.70724
1581229933.976052742,0.647256,0.000325155,0.690652,-0.0002021,0.706965,0.000116705,0.707248
1581229933.982303237,0.647105,0.000333164,0.690652,-0.000206057,0.706961,0.00011805,0.707253
1581229933.988985487,0.646953,0.000341711,0.690654,-0.000215671,0.706955,0.0001145,0.707258
1581229933.995006336,0.646778,0.000352504,0.690652,-0.000224323,0.706954,0.000115221,0.707259
1581229934.001326356,0.646629,0.000362104,0.690644,-0.000226425,0.706963,0.000125468,0.707251
1581229934.007408599,0.646454,0.00037531,0.69064,-0.000232828,0.706974,0.000138382,0.707239
1581229934.014102796,0.646303,0.00038756,0.69064,-0.000248866,0.706983,0.000140111,0.707231
1581229934.020190840,0.646152,0.000400288,0.690639,-0.000263689,0.706993,0.000144874,0.707221
1581229934.026393181,0.646001,0.000413582,0.690634,-0.0002666,0.707006,0.000163453,0.707208
1581229934.066195628,0.645004,0.000414913,0.690626,-0.000199768,0.707011,0.000227067,0.707202
1581229934.072317719,0.644857,0.000397882,0.690632,-0.000185416,0.706997,0.000215458,0.707217
1581229934.080212567,0.644655,0.000374375,0.690639,-0.00016589,0.706977,0.000199096,0.707237
1581229934.086358867,0.644502,0.000356528,0.690644,-0.000150275,0.706963,0.000189143,0.707251
1581229934.093030210,0.644325,0.000337884,0.690647,-0.000137426,0.706954,0.000177961,0.707259
1581229934.099269339,0.644177,0.000324029,0.690643,-0.000131855,0.706958,0.000169448,0.707256
1581229934.105480578,0.64403,0.000312319,0.690635,-0.000127275,0.706966,0.000164436,0.707248
1581229934.112171719,0.643856,0.000302275,0.69063,-0.000117762,0.706978,0.000167562,0.707236
1581229934.118207105,0.643703,0.000294968,0.690634,-0.000106971,0.706982,0.000172297,0.707232
1581229934.124417331,0.643552,0.000288669,0.690633,-0.000111435,0.706989,0.000163369,0.707225
1581229934.131216932,0.643377,0.000285703,0.690628,-0.000118804,0.707,0.000156861,0.707214
1581229934.137344313,0.643229,0.000286333,0.690617,-0.000127152,0.707014,0.000154979,0.707199
1581229934.179061786,0.642181,0.00033786,0.690605,-0.000171066,0.707038,0.000173959,0.707176
1581229934.185114523,0.64203,0.000346073,0.690609,-0.000178561,0.707029,0.000171494,0.707185
1581229934.191226205,0.641878,0.000354011,0.690615,-0.000186079,0.707018,0.00016915,0.707196
1581229934.197316020,0.641729,0.000360926,0.690616,-0.000188848,0.707008,0.00017074,0.707205
1581229934.203397046,0.641581,0.000367026,0.690614,-0.00019265,0.707,0.000169671,0.707214
1581229934.210078667,0.641407,0.000374424,0.690621,-0.000201896,0.706983,0.000162147,0.707231
1581229934.216305804,0.641257,0.000382983,0.69063,-0.000207999,0.706971,0.000161806,0.707243
1581229934.222373891,0.641106,0.000392992,0.690633,-0.000208716,0.706966,0.000170858,0.707247
1581229934.228920451,0.640954,0.000404216,0.690632,-0.000211492,0.706972,0.000183647,0.707242
1581229934.235087918,0.64078,0.000416045,0.690624,-0.000222825,0.706985,0.000190667,0.707229
1581229934.241346005,0.640631,0.000425702,0.69062,-0.000237261,0.706992,0.000190227,0.707222
1581229934.281128518,0.639627,0.000395056,0.690596,-0.000231651,0.70705,0.000188921,0.707164
1581229934.287170061,0.639476,0.000377529,0.690595,-0.000217549,0.707053,0.000184206,0.70716
1581229934.293315142,0.639328,0.000359447,0.690592,-0.000208225,0.707053,0.000172185,0.707161
1581229934.299404376,0.639179,0.000341225,0.690593,-0.000205205,0.707048,0.000151834,0.707166
1581229934.306166125,0.639005,0.000320882,0.69059,-0.000199811,0.707043,0.000131594,0.70717
1581229934.313235565,0.638828,0.000305349,0.690596,-0.000188481,0.707034,0.000122868,0.70718
1581229934.320462122,0.638651,0.000292141,0.690608,-0.000177831,0.707016,0.000112685,0.707197
1581229934.327040803,0.638476,0.000283398,0.69062,-0.00017733,0.706994,9.48359e-05,0.707219
1581229934.334056832,0.638326,0.000281051,0.690623,-0.000180937,0.70698,8.15125e-05,0.707233
1581229934.339311362,0.638174,0.000281247,0.690626,-0.000177657,0.706969,7.90745e-05,0.707244
1581229934.345927781,0.638021,0.000285762,0.690629,-0.000174754,0.706968,8.64307e-05,0.707246
1581229934.352239395,0.637845,0.000294482,0.690627,-0.00018008,0.706976,9.4501e-05,0.707238
1581229934.392305900,0.636842,0.000358932,0.690599,-0.000227165,0.70704,0.000149052,0.707173
1581229934.403279887,0.636571,0.000373144,0.690588,-0.000233767,0.707061,0.000167426,0.707152
1581229934.409518872,0.636419,0.00038074,0.690593,-0.000238633,0.707059,0.000171731,0.707154
1581229934.416099287,0.636239,0.000390141,0.690599,-0.000251601,0.707052,0.000167363,0.707162
1581229934.422198752,0.636087,0.000397663,0.690604,-0.00026127,0.707044,0.000165083,0.707169
1581229934.428349848,0.635938,0.000405363,0.69061,-0.000268465,0.707035,0.000164972,0.707179
1581229934.435086449,0.635764,0.000414721,0.690611,-0.000275335,0.707026,0.000165308,0.707188
1581229934.441235074,0.635613,0.00042315,0.690614,-0.000286487,0.707017,0.000160986,0.707196
1581229934.447343208,0.635459,0.000431844,0.690621,-0.000288116,0.707007,0.000163029,0.707206
1581229934.453994644,0.635282,0.000438812,0.690625,-0.000276572,0.706997,0.000173979,0.707217
1581229934.460201183,0.635133,0.000438176,0.690627,-0.000262634,0.706987,0.000179299,0.707227
1581229934.466231911,0.634984,0.00043315,0.69063,-0.000247904,0.706974,0.000180498,0.707239
1581229934.506324207,0.633978,0.000368475,0.690613,-0.000192099,0.707018,0.000177477,0.707195
1581229934.512436864,0.633826,0.000358257,0.690612,-0.00018178,0.707026,0.000179943,0.707187
1581229934.519012237,0.633648,0.000349229,0.690612,-0.000168782,0.707037,0.000187615,0.707176
1581229934.525098672,0.6335,0.000341359,0.690604,-0.000164257,0.707051,0.000188608,0.707162
1581229934.531369121,0.633354,0.000336644,0.690596,-0.00017249,0.707063,0.000180287,0.70715
1581229934.537399205,0.633206,0.000331992,0.690593,-0.00017931,0.707064,0.000169559,0.707149
1581229934.544079641,0.633032,0.000327992,0.690592,-0.000174082,0.707056,0.000167251,0.707157
1581229934.550183438,0.632883,0.000325106,0.690593,-0.000166779,0.707051,0.000169119,0.707163
1581229934.556409636,0.632734,0.000321667,0.690592,-0.000165245,0.707046,0.000165148,0.707167
1581229934.562879200,0.632563,0.000316399,0.690582,-0.000167038,0.707047,0.000155244,0.707166
1581229934.569156514,0.632416,0.000312157,0.690579,-0.000162735,0.707043,0.000151296,0.70717
1581229934.610060377,0.632242,0.000307149,0.690588,-0.000149572,0.707027,0.000151224,0.707187
1581229934.616444524,0.63125,0.000308777,0.690568,-0.000151443,0.707023,0.000143968,0.70719
1581229934.622838313,0.631103,0.000312391,0.690558,-0.000161057,0.707035,0.000142407,0.707178
1581229934.629151897,0.630931,0.000315702,0.690559,-0.000164986,0.707042,0.000145005,0.707172
1581229934.635315404,0.630783,0.000319798,0.690557,-0.00016034,0.707049,0.000156596,0.707165
1581229934.641986142,0.630608,0.000324999,0.690556,-0.000150955,0.707056,0.000173591,0.707158
1581229934.648115440,0.630458,0.000330286,0.690548,-0.000152136,0.707066,0.000180512,0.707148
1581229934.654205101,0.63031,0.000334419,0.690543,-0.000158073,0.707076,0.000183243,0.707138
1581229934.660874873,0.630165,0.000337229,0.690537,-0.000166083,0.707086,0.000184092,0.707127
1581229934.666960593,0.629991,0.000341613,0.690535,-0.000174206,0.707095,0.000187942,0.707118
1581229934.674335992,0.629842,0.000343791,0.690536,-0.000173199,0.707097,0.000193608,0.707117
1581229934.680485266,0.629665,0.000345037,0.690543,-0.000175544,0.707087,0.000189977,0.707127
1581229934.726519176,0.628524,0.000299287,0.690562,-0.000115633,0.707024,0.000164992,0.707189
1581229934.733124667,0.628352,0.000294063,0.690567,-0.000104541,0.70701,0.000163811,0.707204
1581229934.739195054,0.628202,0.00029286,0.690572,-0.000102107,0.707006,0.000163335,0.707208
1581229934.745322498,0.628049,0.000295272,0.690571,-0.000105299,0.707011,0.000164507,0.707202
1581229934.751964251,0.627872,0.000297878,0.690567,-0.000105694,0.707022,0.000169754,0.707192
1581229934.758183242,0.627724,0.000299029,0.690563,-0.000105393,0.707029,0.000174305,0.707185
1581229934.764239131,0.627576,0.000298598,0.690555,-0.000106284,0.707037,0.000176253,0.707176
1581229934.770447379,0.627427,0.000299336,0.690551,-0.000111482,0.707044,0.000174466,0.70717
1581229934.777508175,0.627249,0.000299912,0.690555,-0.000122762,0.707045,0.000167388,0.707169
1581229934.784385088,0.627073,0.000301423,0.690554,-0.000135519,0.70705,0.000162489,0.707164
1581229934.790422373,0.626924,0.000301439,0.69055,-0.000142159,0.707058,0.000162506,0.707156
1581229934.829404419,0.626752,0.000303525,0.690542,-0.000153593,0.707068,0.000160677,0.707145
1581229934.843091587,0.625628,0.000318119,0.690546,-0.000187658,0.707069,0.000152426,0.707144
1581229934.849346324,0.625476,0.000322421,0.690556,-0.000186985,0.707056,0.00015428,0.707157
1581229934.856244772,0.625299,0.000327736,0.690557,-0.00017962,0.707046,0.000161748,0.707168
1581229934.862552504,0.62515,0.000332196,0.690555,-0.000181546,0.707037,0.000159492,0.707177
1581229934.869282579,0.624977,0.000338408,0.690557,-0.000191981,0.707021,0.000148588,0.707192
1581229934.876999342,0.624777,0.000346107,0.690561,-0.000200865,0.707006,0.000141291,0.707208
1581229934.883271560,0.624627,0.000353061,0.690561,-0.00020249,0.707006,0.00014675,0.707208
1581229934.890063098,0.624451,0.000360558,0.69056,-0.000209145,0.707013,0.000151712,0.7072
1581229934.896301182,0.624303,0.00036502,0.690558,-0.000222128,0.707022,0.000148168,0.707192
1581229934.902992552,0.624128,0.000369313,0.690554,-0.000239823,0.707032,0.000139957,0.707181
1581229934.909188210,0.623977,0.000371347,0.690546,-0.000250687,0.707045,0.000136263,0.707169
1581229934.915473974,0.623803,0.000373218,0.690536,-0.000255356,0.70706,0.000140567,0.707154
1581229934.922073523,0.623654,0.000373382,0.690533,-0.000256594,0.707066,0.000142971,0.707147
1581229934.928505289,0.623504,0.000373166,0.690531,-0.000254575,0.707071,0.000144914,0.707142
1581229934.941926825,0.623152,0.00037618,0.69053,-0.00025654,0.707083,0.000147219,0.707131
1581229934.948183190,0.623001,0.000378653,0.69053,-0.000248534,0.70709,0.000159812,0.707124
1581229934.954303761,0.622853,0.000381554,0.690524,-0.000240541,0.707102,0.000173881,0.707112
1581229934.960955345,0.622678,0.000384359,0.690518,-0.000236156,0.707107,0.000179738,0.707107
1581229935.000424459,0.621705,0.000386554,0.690524,-0.000207823,0.707085,0.000195133,0.707129
1581229935.007475461,0.621528,0.000385345,0.690528,-0.000200429,0.707077,0.000196604,0.707136
1581229935.013153200,0.621375,0.000384765,0.690528,-0.000191615,0.707071,0.000199758,0.707142
1581229935.019386568,0.621201,0.00038259,0.690525,-0.000182588,0.707065,0.000201874,0.707148
1581229935.026135711,0.621053,0.000381294,0.690523,-0.000182521,0.707059,0.000196994,0.707154
1581229935.032330387,0.620903,0.000379039,0.690523,-0.000181007,0.707052,0.00019288,0.707161
1581229935.038530416,0.620726,0.000376856,0.69053,-0.000180402,0.707039,0.000187412,0.707175
1581229935.045160841,0.620574,0.000375551,0.690533,-0.000181544,0.707034,0.00018422,0.70718
1581229935.051309359,0.620424,0.000376001,0.690534,-0.000187602,0.707037,0.000181261,0.707177
1581229935.058060924,0.620251,0.000376993,0.690526,-0.000196086,0.707049,0.000179115,0.707165
1581229935.064205104,0.620102,0.000380618,0.690519,-0.000207048,0.707059,0.000177022,0.707154
1581229935.071194800,0.619926,0.000386083,0.69052,-0.000210768,0.707067,0.000183501,0.707147
1581229935.112264531,0.619748,0.000392209,0.690523,-0.000215966,0.707075,0.000189676,0.707139
1581229935.118446792,0.618721,0.000409824,0.690527,-0.000240715,0.707095,0.00020076,0.707119
1581229935.124522660,0.618571,0.00040738,0.690525,-0.000238272,0.707092,0.000199109,0.707121
1581229935.131105479,0.618398,0.000402634,0.690524,-0.000228922,0.707089,0.000202209,0.707124
1581229935.137287584,0.618249,0.000399422,0.690526,-0.000220102,0.707085,0.000206121,0.707129
1581229935.144228468,0.618071,0.000396229,0.690533,-0.00021728,0.707077,0.000202513,0.707136
1581229935.150350382,0.61792,0.000393098,0.690532,-0.000225432,0.707072,0.000188599,0.707141
1581229935.156522737,0.617771,0.000389275,0.690537,-0.000230554,0.707065,0.00017744,0.707149
1581229935.162488367,0.617598,0.000386272,0.690543,-0.000230731,0.707051,0.000171796,0.707162
1581229935.169134477,0.617449,0.000383952,0.690548,-0.000228121,0.707038,0.000168707,0.707176
1581229935.176386601,0.617271,0.000382276,0.690553,-0.00022703,0.707023,0.000162987,0.707191
1581229935.182493355,0.61712,0.000380202,0.690553,-0.00023186,0.707019,0.00015452,0.707194
1581229935.222637452,0.616947,0.000377076,0.690548,-0.000228309,0.707026,0.000154614,0.707187
1581229935.229173525,0.61595,0.000352574,0.690529,-0.000188853,0.707065,0.000167217,0.707149
1581229935.235221514,0.6158,0.000349984,0.690521,-0.000179333,0.707075,0.000175984,0.707139
1581229935.241391350,0.615651,0.000347929,0.690521,-0.000173685,0.707081,0.000180881,0.707133
1581229935.248120690,0.615478,0.000346741,0.690516,-0.000174899,0.707093,0.00018108,0.707121
1581229935.254191641,0.615328,0.000346256,0.690515,-0.000177719,0.7071,0.000179369,0.707113
1581229935.260332136,0.615179,0.000347509,0.690513,-0.000172356,0.70711,0.000188452,0.707103
1581229935.266451200,0.615029,0.000350393,0.690513,-0.000161947,0.707112,0.000201137,0.707101
1581229935.273209717,0.614853,0.000355449,0.690512,-0.000154681,0.70711,0.00021109,0.707104
1581229935.284333947,0.614579,0.000366066,0.690505,-0.000172585,0.707106,0.000203997,0.707108
1581229935.290415362,0.614429,0.000373346,0.690507,-0.000182023,0.707101,0.000203273,0.707112
1581229935.296982502,0.61428,0.000381389,0.690505,-0.000192377,0.707098,0.000203805,0.707115
1581229935.336963157,0.613257,0.000419231,0.690536,-0.000239098,0.707046,0.000194963,0.707167
1581229935.343129004,0.613105,0.000419692,0.690543,-0.000236203,0.707038,0.000194855,0.707175
1581229935.349339722,0.612957,0.000417248,0.690549,-0.000233254,0.707029,0.000192243,0.707184
1581229935.355299529,0.61281,0.000415524,0.690549,-0.000229905,0.707027,0.000192602,0.707187
1581229935.361984547,0.612635,0.000414434,0.69055,-0.000229293,0.707028,0.000193679,0.707185
1581229935.368205378,0.612484,0.000414618,0.690553,-0.000229377,0.707032,0.000195971,0.707182
1581229935.375351443,0.612306,0.000413928,0.69056,-0.000232026,0.707033,0.000194153,0.70718
1581229935.382066488,0.61213,0.000413765,0.690563,-0.000236032,0.707036,0.000191127,0.707177
1581229935.388241196,0.61198,0.000412985,0.690556,-0.000232641,0.707044,0.000195087,0.707169
1581229935.394447977,0.611831,0.000412373,0.69055,-0.000228516,0.707052,0.000200105,0.707161
1581229935.401080284,0.611654,0.000411084,0.690552,-0.000226183,0.707058,0.000202837,0.707155
1581229935.440482579,0.610676,0.000388147,0.690552,-0.000228448,0.70708,0.000188574,0.707134
1581229935.446602134,0.610525,0.00038476,0.690552,-0.000228336,0.707075,0.000183552,0.707138
1581229935.453073687,0.61035,0.000379024,0.690551,-0.000220217,0.70707,0.000183143,0.707143
1581229935.459261701,0.610202,0.00037534,0.690553,-0.000209923,0.707063,0.000186819,0.707151
1581229935.465389323,0.610054,0.000372135,0.690556,-0.000202919,0.707055,0.000187399,0.707159
1581229935.472225661,0.609876,0.000370458,0.690569,-0.000206678,0.707038,0.000176403,0.707176
1581229935.479416568,0.609698,0.000370235,0.690578,-0.000209137,0.707022,0.000167649,0.707192
1581229935.486039477,0.609549,0.000371291,0.690584,-0.000202576,0.707008,0.000170095,0.707205
1581229935.492087258,0.609375,0.000374121,0.690585,-0.000193916,0.707,0.000177937,0.707214
1581229935.498163532,0.609226,0.000379531,0.690576,-0.000193514,0.707007,0.000186476,0.707206
1581229935.504433379,0.609075,0.000385863,0.690571,-0.000202577,0.707018,0.000188445,0.707195
1581229935.544209624,0.608076,0.000410668,0.690566,-0.000226416,0.707048,0.000201019,0.707166
1581229935.550561890,0.607925,0.000407869,0.69056,-0.000225905,0.707054,0.000198572,0.70716
1581229935.556483139,0.607776,0.00040421,0.690551,-0.000216702,0.707061,0.000204271,0.707152
1581229935.562935015,0.607601,0.000399059,0.69055,-0.000211467,0.707064,0.000205513,0.707149
1581229935.569190820,0.60745,0.000396605,0.690548,-0.000215974,0.70707,0.000200871,0.707144
1581229935.576524182,0.607276,0.000392978,0.690543,-0.000228361,0.707077,0.00018767,0.707137
1581229935.583054084,0.6071,0.000390025,0.690541,-0.000232099,0.707084,0.000183037,0.70713
1581229935.589186648,0.606951,0.000387539,0.690536,-0.000227758,0.707091,0.000186877,0.707122
1581229935.595510804,0.606802,0.000385353,0.690534,-0.000219785,0.707096,0.000194058,0.707118
1581229935.602132354,0.606626,0.000382608,0.690533,-0.00021891,0.707098,0.000192734,0.707115
1581229935.608212233,0.606475,0.000380848,0.69053,-0.000221717,0.707099,0.000187439,0.707115
1581229935.647354639,0.605502,0.000363418,0.690546,-0.000200856,0.707065,0.000177015,0.707148
1581229935.653905805,0.605353,0.000362222,0.690549,-0.000196458,0.707058,0.000177335,0.707156
1581229935.660253124,0.605176,0.000362206,0.690548,-0.000188246,0.707051,0.000180961,0.707163
1581229935.666402915,0.605024,0.00036267,0.690548,-0.000181952,0.707043,0.000183783,0.70717
1581229935.672492654,0.604872,0.00036522,0.690553,-0.000183596,0.707034,0.000181185,0.707179
1581229935.680242823,0.604674,0.000369079,0.690554,-0.000184749,0.707029,0.000182755,0.707185
1581229935.686416782,0.604526,0.000373793,0.690551,-0.00018666,0.70703,0.000187301,0.707183
1581229935.693009313,0.604376,0.000380784,0.690547,-0.00019412,0.707036,0.000191211,0.707177
1581229935.699120771,0.604199,0.000391579,0.690547,-0.000210933,0.707043,0.00019211,0.707171
1581229935.705265639,0.604047,0.000401554,0.690548,-0.000230013,0.707048,0.000189214,0.707166
1581229935.711377218,0.603896,0.000410542,0.690545,-0.000247801,0.707055,0.000185981,0.707159
1581229935.717490695,0.603747,0.00041977,0.690539,-0.000257278,0.707063,0.000190812,0.70715
1581229935.774356803,0.602343,0.00038012,0.690549,-0.000185271,0.707093,0.000217021,0.707121
1581229935.780473345,0.602166,0.000362831,0.690551,-0.000165836,0.707086,0.000212261,0.707127
1581229935.786973969,0.601994,0.000345054,0.690555,-0.000142211,0.707078,0.000211506,0.707135
1581229935.793260426,0.601846,0.00033078,0.69056,-0.000125933,0.707069,0.000207757,0.707145
1581229935.799328866,0.601695,0.000318622,0.69057,-0.000127487,0.707058,0.000188394,0.707155
1581229935.805491190,0.601542,0.000307081,0.690583,-0.000137054,0.707045,0.000161481,0.707169
1581229935.812132830,0.601366,0.000298331,0.690589,-0.000144023,0.707036,0.000140615,0.707178
1581229935.818233184,0.601217,0.000294225,0.69059,-0.000141388,0.707028,0.000134573,0.707185
1581229935.824510521,0.601068,0.00029556,0.690589,-0.000142458,0.707021,0.0001318,0.707193
1581229935.831096834,0.600892,0.000300033,0.690592,-0.000146828,0.707006,0.000128555,0.707207
1581229935.837158277,0.60074,0.000306953,0.6906,-0.000162559,0.706994,0.000119293,0.707219
1581229935.877265017,0.599742,0.00036885,0.690581,-0.000217891,0.70704,0.000153565,0.707173
1581229935.883534128,0.599568,0.00037953,0.690573,-0.000223559,0.70705,0.000162012,0.707163
1581229935.890294476,0.599419,0.000388653,0.690569,-0.000218119,0.707057,0.00017911,0.707157
1581229935.896502155,0.599269,0.000397815,0.690569,-0.000213359,0.707061,0.000195754,0.707153
1581229935.903082730,0.59912,0.000407906,0.690571,-0.000218047,0.707063,0.00020482,0.70715
1581229935.909168142,0.598946,0.000420775,0.690567,-0.000233149,0.707071,0.000207606,0.707142
1581229935.915279625,0.598795,0.000431793,0.690567,-0.000243988,0.707075,0.00021128,0.707138
1581229935.921501366,0.598646,0.000441344,0.690565,-0.000245562,0.70708,0.000221858,0.707134
1581229935.928167063,0.598471,0.00044627,0.690569,-0.000236142,0.707078,0.0002362,0.707135
1581229935.934401907,0.59832,0.000446215,0.69057,-0.000229335,0.707076,0.000240923,0.707138
1581229935.940505410,0.598169,0.000444034,0.690565,-0.000224222,0.707077,0.000241016,0.707137
1581229935.947044090,0.597995,0.000436057,0.69056,-0.000214565,0.707079,0.00023894,0.707134
1581229935.986317528,0.597023,0.000351613,0.690555,-0.000198893,0.707082,0.000166579,0.707131
1581229935.992447634,0.596872,0.000340566,0.690555,-0.000198298,0.707079,0.000154791,0.707134
1581229935.999164608,0.596695,0.000330035,0.690558,-0.000193322,0.707073,0.000146746,0.707141
1581229936.005272512,0.596543,0.000322511,0.690558,-0.000189396,0.707068,0.000140339,0.707145
1581229936.011366867,0.596395,0.000314738,0.69056,-0.000185611,0.707062,0.000132874,0.707152
1581229936.017996964,0.596223,0.000308095,0.690558,-0.000175429,0.707057,0.000132491,0.707157
1581229936.024353997,0.596073,0.000306803,0.690562,-0.000166662,0.707049,0.000136015,0.707165
1581229936.030320120,0.595921,0.000309278,0.690567,-0.000163765,0.70704,0.000138499,0.707174
1581229936.036478067,0.595769,0.000314501,0.690574,-0.00016529,0.707028,0.000139317,0.707185
1581229936.043070097,0.595594,0.000322585,0.690578,-0.000173742,0.707016,0.000136885,0.707198
1581229936.049214387,0.595445,0.000329894,0.690573,-0.000181809,0.707017,0.000137103,0.707197
1581229936.055412912,0.595297,0.000338227,0.690565,-0.0001837,0.707025,0.000146484,0.707189
1581229936.095271070,0.594323,0.000397584,0.69056,-0.000198183,0.707058,0.000208385,0.707155
1581229936.101217602,0.594144,0.000408594,0.690559,-0.000202295,0.707064,0.000217982,0.707149
1581229936.107259382,0.593993,0.000418417,0.690551,-0.000213066,0.707073,0.00022096,0.70714
1581229936.114321276,0.593819,0.000429976,0.690544,-0.000229012,0.707082,0.000223148,0.707132
1581229936.120446711,0.593671,0.000439717,0.69054,-0.000237256,0.707087,0.000230124,0.707126
1581229936.127241017,0.593498,0.000447185,0.690535,-0.000239947,0.707097,0.000240803,0.707117
1581229936.133367078,0.593346,0.000449218,0.690536,-0.000242496,0.707102,0.000243591,0.707111
1581229936.139461528,0.593193,0.000448572,0.690536,-0.00025184,0.707106,0.000235474,0.707107
1581229936.146123921,0.593019,0.00044229,0.690536,-0.000256753,0.707104,0.000222477,0.707109
1581229936.152468682,0.592872,0.000433612,0.690536,-0.000251482,0.7071,0.000216154,0.707114
1581229936.158996081,0.592723,0.000422783,0.690539,-0.000238953,0.70709,0.000212934,0.707123
1581229936.198572572,0.591726,0.000314947,0.690556,-0.000155352,0.707049,0.000154179,0.707165
1581229936.204638736,0.591576,0.000303026,0.690568,-0.000143239,0.707033,0.000147238,0.70718
1581229936.211088637,0.5914,0.000296025,0.690578,-0.000143338,0.707016,0.000133339,0.707197
1581229936.217199912,0.591251,0.000293871,0.690574,-0.000144353,0.707013,0.000126903,0.7072
1581229936.223424499,0.591102,0.000296022,0.690568,-0.000141628,0.707019,0.000131722,0.707195
1581229936.229464567,0.59095,0.000301498,0.690565,-0.000135085,0.707026,0.000145383,0.707188
1581229936.236077517,0.590777,0.000309554,0.69056,-0.000130907,0.707036,0.000160807,0.707177
1581229936.242220294,0.590627,0.000318494,0.690559,-0.000137749,0.707042,0.000166383,0.707171
1581229936.248375248,0.590477,0.000327822,0.690558,-0.000151652,0.707048,0.000165251,0.707165
1581229936.254473309,0.590327,0.000337072,0.690555,-0.000165438,0.707055,0.000165037,0.707159
1581229936.261093162,0.590152,0.000348921,0.690558,-0.000176813,0.707058,0.000171391,0.707156
1581229936.301141286,0.59,0.000358889,0.690559,-0.000180093,0.70706,0.000182088,0.707154
1581229936.346499649,0.588026,0.000440438,0.690546,-0.000219188,0.70709,0.000246295,0.707124
1581229936.353157495,0.587877,0.000436221,0.690546,-0.000218371,0.707095,0.000243634,0.707119
1581229936.359321068,0.587726,0.000430467,0.690548,-0.0002129,0.707099,0.000243094,0.707114
1581229936.366134125,0.587548,0.000422396,0.690552,-0.000204587,0.707097,0.000240687,0.707116
1581229936.372339159,0.587397,0.000413321,0.690557,-0.000196921,0.707089,0.000235684,0.707124
1581229936.380076483,0.587199,0.000398287,0.690557,-0.00019064,0.707083,0.000222476,0.70713
1581229936.386410819,0.58705,0.000385847,0.690552,-0.000189484,0.707083,0.000208797,0.707131
1581229936.393144926,0.586872,0.000371146,0.690554,-0.000187724,0.707077,0.000192957,0.707136
1581229936.399327846,0.586718,0.000361391,0.69056,-0.000186954,0.70707,0.000182268,0.707143
1581229936.406078305,0.586541,0.000349625,0.690565,-0.000184499,0.707064,0.00017056,0.70715
1581229936.412247238,0.586391,0.000340699,0.690565,-0.000184482,0.707059,0.000159589,0.707154
1581229936.418443652,0.586244,0.000334095,0.690562,-0.000185037,0.707057,0.000151475,0.707156
1581229936.425095033,0.586069,0.000328901,0.690565,-0.00018302,0.70705,0.000146321,0.707164
1581229936.431311738,0.585915,0.00032623,0.690571,-0.000175711,0.707041,0.000148088,0.707173
1581229936.438170915,0.585739,0.000322578,0.690575,-0.000166026,0.70703,0.000150098,0.707183
1581229936.444562691,0.585589,0.000319491,0.690578,-0.000162598,0.707021,0.000147132,0.707193
1581229936.451279719,0.585417,0.000315483,0.690581,-0.000162601,0.707012,0.000141056,0.707201
1581229936.457329328,0.585269,0.000317197,0.690584,-0.000163994,0.707012,0.000143009,0.707201
1581229936.499689633,0.584221,0.000347719,0.690611,-0.000204483,0.70704,0.000158705,0.707173
1581229936.506301318,0.584044,0.000352802,0.690606,-0.000200429,0.707049,0.000170418,0.707164
1581229936.513050100,0.583869,0.000356772,0.690599,-0.000203613,0.707059,0.000173697,0.707155
1581229936.519083824,0.583721,0.000359938,0.690597,-0.000213347,0.707063,0.000169701,0.70715
1581229936.525406195,0.583572,0.000363448,0.690599,-0.000224377,0.707063,0.000164108,0.707151
1581229936.532246507,0.583397,0.000368674,0.690605,-0.000232676,0.707054,0.000162492,0.70716
1581229936.538254729,0.583247,0.000372108,0.690609,-0.000231279,0.707047,0.000165978,0.707167
1581229936.545094438,0.583073,0.000375555,0.690612,-0.000220904,0.70704,0.000175834,0.707173
1581229936.551208269,0.582924,0.00037758,0.690614,-0.000219837,0.707035,0.000175619,0.707178
1581229936.557449561,0.582775,0.000380023,0.690615,-0.000219143,0.707034,0.000176114,0.707179
1581229936.564175064,0.5826,0.000383214,0.690613,-0.000210534,0.707036,0.000184596,0.707177
1581229936.570444299,0.582451,0.000384898,0.690608,-0.000193136,0.707042,0.000201338,0.707172
1581229936.610435663,0.581429,0.00035752,0.690611,-0.000148224,0.707049,0.000208964,0.707164
1581229936.616995305,0.58128,0.000354071,0.690607,-0.000151066,0.70705,0.000203352,0.707163
1581229936.623288239,0.581104,0.000352101,0.690602,-0.00015668,0.707054,0.000196378,0.707159
1581229936.629457497,0.580952,0.000351064,0.690604,-0.000160127,0.707054,0.000191417,0.707159
1581229936.636230119,0.580778,0.000350832,0.690605,-0.000156698,0.707054,0.000194553,0.707159
1581229936.642438779,0.58063,0.000349421,0.690606,-0.000146975,0.707053,0.000201892,0.707161
1581229936.648425948,0.580481,0.000347983,0.690609,-0.000137265,0.707049,0.000207943,0.707165
1581229936.655149671,0.58033,0.000345187,0.690615,-0.000136507,0.707042,0.000203309,0.707171
1581229936.661119208,0.580154,0.00034329,0.690621,-0.000138746,0.707034,0.000196455,0.70718
1581229936.667226505,0.580003,0.000341397,0.690624,-0.000144793,0.707027,0.000187796,0.707186
1581229936.674492019,0.579854,0.000340405,0.690621,-0.000151989,0.707024,0.000180805,0.707189
1581229936.714538070,0.578828,0.000330748,0.690625,-0.000182877,0.706988,0.000141161,0.707225
1581229936.721194678,0.578652,0.000331344,0.690626,-0.000185087,0.706995,0.000140722,0.707219
1581229936.727360380,0.5785,0.000333929,0.690626,-0.000188146,0.707002,0.000140793,0.707212
1581229936.733530253,0.578347,0.000337014,0.690624,-0.000189601,0.707009,0.000143415,0.707205
1581229936.740119475,0.578173,0.000341331,0.690617,-0.000186503,0.707018,0.000152615,0.707195
1581229936.746176692,0.578025,0.000345436,0.690613,-0.000187259,0.707024,0.000158338,0.707189
1581229936.752419492,0.577877,0.0003509,0.690613,-0.000191669,0.707027,0.000161642,0.707186
1581229936.758399473,0.577725,0.00035656,0.690618,-0.000197332,0.707027,0.00016281,0.707186
1581229936.764596160,0.577573,0.000362276,0.690616,-0.000199579,0.707032,0.000167747,0.707181
1581229936.771099415,0.577397,0.000368175,0.690614,-0.000195205,0.707038,0.000179054,0.707176
1581229936.822470957,0.577224,0.000371371,0.690614,-0.000186535,0.707041,0.000191619,0.707173
1581229936.828577068,0.575972,0.000373152,0.690606,-0.000193075,0.707061,0.000193353,0.707152
1581229936.835202425,0.575795,0.000376102,0.690608,-0.000203881,0.707062,0.000187913,0.707152
1581229936.841194397,0.575646,0.000377552,0.69061,-0.000202808,0.707058,0.000190831,0.707156
1581229936.847385045,0.575498,0.000378779,0.690608,-0.000198748,0.707055,0.000196318,0.707159
1581229936.853972084,0.575348,0.000380602,0.690608,-0.000198376,0.70705,0.000197963,0.707163
1581229936.860085097,0.575172,0.000382597,0.690605,-0.000201378,0.70705,0.000195983,0.707163
1581229936.866285772,0.575022,0.000383031,0.690605,-0.000205537,0.70705,0.00019163,0.707163
1581229936.872379279,0.574873,0.000381549,0.690607,-0.000201093,0.70705,0.000193529,0.707164
1581229936.880081880,0.574675,0.000379553,0.690608,-0.00019127,0.707049,0.000200007,0.707164
1581229936.886321843,0.574526,0.000378008,0.690611,-0.000185959,0.707048,0.00020286,0.707165
1581229936.892375452,0.574375,0.000377849,0.69061,-0.000191827,0.70705,0.000196866,0.707163
1581229936.932400943,0.573375,0.000370732,0.690598,-0.000183027,0.707061,0.000193797,0.707153
1581229936.938506749,0.573227,0.000371283,0.690603,-0.000184395,0.707052,0.000190762,0.707162
1581229936.951448897,0.572904,0.000374935,0.690611,-0.000173069,0.707032,0.000202581,0.707181
1581229936.958103336,0.572752,0.000378482,0.690614,-0.000173038,0.707024,0.000205587,0.707189
1581229936.964256202,0.572576,0.00038275,0.690614,-0.000181118,0.707016,0.000201766,0.707197
1581229936.970338709,0.572427,0.000386271,0.690609,-0.000191544,0.707013,0.000195734,0.707201
1581229936.977586635,0.572226,0.000389724,0.690612,-0.000192218,0.707005,0.000198211,0.707209
1581229936.984373405,0.572075,0.000392202,0.690618,-0.000188159,0.706997,0.00020389,0.707217
1581229937.023563825,0.5711,0.000381864,0.690599,-0.000173989,0.707033,0.000209449,0.70718
1581229937.030103620,0.570922,0.000379554,0.690597,-0.000174911,0.707039,0.000206283,0.707175
1581229937.036254834,0.570773,0.000378252,0.690596,-0.00017823,0.707042,0.000202206,0.707171
1581229937.042478021,0.570625,0.000376135,0.690593,-0.000175989,0.707047,0.000202914,0.707166
1581229937.049032301,0.570476,0.000375593,0.690597,-0.000173948,0.707048,0.000205378,0.707165
1581229937.055146760,0.570298,0.000374686,0.690599,-0.000173177,0.707051,0.000205513,0.707162
1581229937.061305817,0.570146,0.000374073,0.690599,-0.00017472,0.707054,0.00020328,0.70716
1581229937.067329857,0.569995,0.00037151,0.690597,-0.000177313,0.707059,0.000198338,0.707155
1581229937.075117359,0.569823,0.000367073,0.690593,-0.000177446,0.707065,0.000194021,0.707148
1581229937.081217698,0.569651,0.000362555,0.690593,-0.000171608,0.707069,0.000195748,0.707145
1581229937.087347977,0.569498,0.000360601,0.690592,-0.000172341,0.707072,0.00019321,0.707142
1581229937.127381198,0.568494,0.000351673,0.69059,-0.000189283,0.707064,0.000172051,0.70715
1581229937.134208484,0.568318,0.000353867,0.690593,-0.00019643,0.70706,0.000168199,0.707153
1581229937.140266217,0.568169,0.000356594,0.690592,-0.000199102,0.707061,0.000169633,0.707152
1581229937.146496183,0.56802,0.000360626,0.690589,-0.000198985,0.707064,0.000175655,0.70715
1581229937.152641133,0.567869,0.000366226,0.690587,-0.000195416,0.707067,0.000186345,0.707147
1581229937.159115040,0.567691,0.000374174,0.690587,-0.000201977,0.707069,0.000190361,0.707145
1581229937.165142381,0.567541,0.000381878,0.690587,-0.000216551,0.70707,0.000186685,0.707144
1581229937.171474685,0.567393,0.000388587,0.690587,-0.000229534,0.707072,0.000183272,0.707142
1581229937.178996105,0.567195,0.000397401,0.690588,-0.000239579,0.707071,0.000186016,0.707142
1581229937.185374068,0.567044,0.000405052,0.69059,-0.000241882,0.707072,0.000193984,0.707142
1581229937.191321338,0.566893,0.000411637,0.690589,-0.000238282,0.707074,0.000205547,0.70714
1581229937.230707180,0.565923,0.000415622,0.690587,-0.000247194,0.707042,0.000194922,0.707171
1581229937.237303756,0.565748,0.00041481,0.690592,-0.000264813,0.70703,0.000176344,0.707184
1581229937.243425466,0.565599,0.000412542,0.690597,-0.00026822,0.707017,0.000167576,0.707197
1581229937.249508828,0.565449,0.000411549,0.690602,-0.000257707,0.707005,0.000171961,0.707209
1581229937.256223035,0.565272,0.00041091,0.690603,-0.000238578,0.707002,0.000185951,0.707212
1581229937.262262248,0.565122,0.000410699,0.690592,-0.000223733,0.707014,0.000199064,0.707199
1581229937.268407696,0.564973,0.000408963,0.690583,-0.000214549,0.707027,0.000204811,0.707186
1581229937.275177325,0.564799,0.000405939,0.690575,-0.000206729,0.70704,0.000206667,0.707173
1581229937.281264588,0.564649,0.000401601,0.690574,-0.000194728,0.707047,0.000211336,0.707167
1581229937.287373130,0.564498,0.000397578,0.690573,-0.000178147,0.707054,0.000220641,0.70716
1581229937.293590397,0.564347,0.000392723,0.690569,-0.000158008,0.707062,0.000232603,0.707152
1581229937.300240234,0.564174,0.000388168,0.690562,-0.000147876,0.707073,0.000237237,0.707141
1581229937.344175512,0.56308,0.000375352,0.690568,-0.000170715,0.707089,0.000210564,0.707125
1581229937.350293152,0.56293,0.000377907,0.690582,-0.000171842,0.707076,0.000210618,0.707137
1581229937.356483809,0.562778,0.000381046,0.690591,-0.00016908,0.707067,0.000214784,0.707146
1581229937.363249021,0.562604,0.00038621,0.690599,-0.000168129,0.707058,0.000220762,0.707155
1581229937.369189727,0.562457,0.000390395,0.690604,-0.000170349,0.707052,0.000223872,0.707162
1581229937.376546737,0.562284,0.000396403,0.690611,-0.000178871,0.707044,0.000222931,0.70717
1581229937.383051132,0.562107,0.000404046,0.69062,-0.000191352,0.707034,0.000220734,0.70718
1581229937.389132263,0.561955,0.000410217,0.690622,-0.000201021,0.70703,0.000220293,0.707183
1581229937.395260112,0.561804,0.000414263,0.690621,-0.000207364,0.707029,0.000220524,0.707184
1581229937.401456976,0.561656,0.000415367,0.690623,-0.000213977,0.707029,0.000216933,0.707185
1581229937.407579494,0.561486,0.000414423,0.690623,-0.000220828,0.707029,0.000210689,0.707185
1581229937.414193543,0.561336,0.000411733,0.690629,-0.000224492,0.707028,0.000203632,0.707186
1581229937.453779654,0.560359,0.000388622,0.690632,-0.000177078,0.707049,0.000216339,0.707164
1581229937.460253485,0.560183,0.000385372,0.690632,-0.000165002,0.707049,0.00022311,0.707165
1581229937.467127933,0.560033,0.000382183,0.690639,-0.000156564,0.70704,0.000225402,0.707174
1581229937.472444870,0.559885,0.000377547,0.690644,-0.000156652,0.707031,0.000219033,0.707183
1581229937.480189920,0.559687,0.000373072,0.690649,-0.000156682,0.707021,0.000213091,0.707192
1581229937.486332845,0.559535,0.000370981,0.690654,-0.000150053,0.707015,0.000215695,0.707199
1581229937.492492319,0.559384,0.000369762,0.690657,-0.000142463,0.70701,0.000220855,0.707203
1581229937.498533633,0.559235,0.000367756,0.690657,-0.000137545,0.707008,0.000223319,0.707205
1581229937.505414156,0.559062,0.000366745,0.690654,-0.000141224,0.70701,0.000218396,0.707204
1581229937.511458351,0.558912,0.000366943,0.690651,-0.000151781,0.707011,0.000209008,0.707203
1581229937.518171285,0.558736,0.000369272,0.69065,-0.000164843,0.707011,0.000201475,0.707203
1581229937.557499137,0.557765,0.000400054,0.690664,-0.000215233,0.706991,0.000198969,0.707223
1581229937.563547600,0.557614,0.000408856,0.690664,-0.000217791,0.706987,0.000206434,0.707226
1581229937.570086237,0.55744,0.000418013,0.690658,-0.000222997,0.706989,0.000212503,0.707224
1581229937.577354805,0.557264,0.000426932,0.690658,-0.000236506,0.706987,0.000208817,0.707227
1581229937.583461777,0.557113,0.000434049,0.690662,-0.000246869,0.706982,0.000206166,0.707231
1581229937.590160092,0.556939,0.00044157,0.690662,-0.000251637,0.70698,0.000211504,0.707233
1581229937.596257554,0.55679,0.00044358,0.690662,-0.000247373,0.706978,0.000218599,0.707235
1581229937.602365899,0.556641,0.000440577,0.690662,-0.000239718,0.706976,0.000221527,0.707238
1581229937.608466114,0.556491,0.000432846,0.690662,-0.000234801,0.706974,0.000215413,0.70724
1581229937.615155863,0.556314,0.00042075,0.690663,-0.000232884,0.706973,0.000200758,0.70724
1581229937.621313782,0.556164,0.000407429,0.690659,-0.000222608,0.70698,0.000193819,0.707234
1581229937.627438589,0.556016,0.000394146,0.690653,-0.0002074,0.706987,0.000192613,0.707227
1581229937.676374454,0.554792,0.000315931,0.690654,-0.000158378,0.707,0.000147193,0.707214
1581229937.683121125,0.554615,0.00031875,0.690659,-0.00016772,0.706997,0.00014134,0.707217
1581229937.689170657,0.554464,0.00032318,0.690657,-0.000171673,0.706999,0.000143055,0.707215
1581229937.695240266,0.554315,0.000328823,0.690647,-0.000173685,0.707005,0.000149199,0.707208
1581229937.701412362,0.554166,0.000336672,0.690642,-0.000174349,0.707009,0.000159045,0.707205
1581229937.707507011,0.554016,0.000345013,0.690646,-0.000177645,0.707007,0.000165964,0.707206
1581229937.714136455,0.553838,0.000354484,0.690651,-0.000184636,0.707005,0.000169408,0.707209
1581229937.720345045,0.553687,0.000362831,0.690653,-0.000186878,0.707004,0.0001766,0.70721
1581229937.726392097,0.553537,0.000370584,0.69065,-0.000188454,0.707006,0.000184987,0.707208
1581229937.732617379,0.55339,0.000378538,0.690644,-0.000189859,0.707011,0.000194168,0.707203
1581229937.739154952,0.553217,0.00038831,0.690645,-0.00019712,0.707011,0.000199079,0.707203
1581229937.745416577,0.553064,0.000397823,0.690649,-0.000207374,0.707008,0.00019991,0.707206
1581229937.784539269,0.552084,0.000452302,0.690659,-0.000246169,0.707002,0.000228623,0.707212
1581229937.790576689,0.551934,0.000450653,0.690657,-0.000245043,0.707006,0.000229234,0.707208
1581229937.797101778,0.55176,0.000445041,0.69065,-0.000244519,0.707013,0.000226438,0.707201
1581229937.803215206,0.55161,0.000436279,0.69065,-0.00024544,0.707014,0.000217202,0.707199
1581229937.815489932,0.55146,0.000425342,0.69065,-0.000245672,0.707016,0.000204561,0.707198
1581229937.823099136,0.551131,0.000395722,0.690645,-0.000233151,0.707025,0.000182284,0.707188
1581229937.829430413,0.550982,0.000381493,0.69064,-0.000220176,0.707032,0.00017877,0.707182
1581229937.835514101,0.550834,0.000367968,0.690638,-0.000208554,0.707036,0.000173964,0.707177
1581229937.842312450,0.550659,0.000356084,0.690638,-0.000207413,0.707041,0.000160211,0.707173
1581229937.848597581,0.550509,0.000348303,0.69064,-0.000209974,0.707043,0.000147769,0.707171
1581229937.855298853,0.550333,0.000340743,0.690641,-0.000208011,0.707045,0.000140701,0.707168
1581229937.861360558,0.550183,0.000334121,0.690639,-0.00020162,0.707047,0.00013979,0.707167
1581229937.867513277,0.550033,0.000328401,0.690637,-0.000193187,0.707045,0.000141069,0.707169
1581229937.875273970,0.549857,0.000327578,0.690636,-0.000196475,0.70704,0.00013647,0.707173
1581229937.881531749,0.549681,0.000332833,0.690632,-0.000207299,0.707039,0.000131969,0.707174
1581229937.888287666,0.549507,0.000339607,0.690631,-0.000214541,0.707037,0.000132879,0.707176
1581229937.894447241,0.549357,0.000346313,0.69063,-0.000215371,0.707037,0.000140415,0.707177
1581229937.901194567,0.549184,0.000354567,0.690627,-0.000219299,0.707037,0.000147455,0.707176
1581229937.907385358,0.549032,0.000362876,0.690628,-0.000227722,0.707035,0.000149272,0.707178
1581229937.948560958,0.548007,0.000413492,0.690622,-0.000250588,0.70703,0.000184158,0.707184
1581229937.955237615,0.547834,0.000421504,0.690622,-0.000247472,0.707028,0.000194427,0.707186
1581229937.961427043,0.547686,0.000429306,0.690625,-0.000238044,0.707024,0.000211122,0.707189
1581229937.968259843,0.547511,0.000438495,0.690626,-0.000224109,0.707021,0.000232788,0.707193
1581229937.975800361,0.547359,0.000445701,0.690629,-0.00021825,0.707016,0.000243949,0.707197
1581229937.982704318,0.547158,0.000447205,0.690634,-0.00021096,0.70701,0.000248134,0.707203
1581229937.989091501,0.546986,0.000442505,0.690635,-0.000200729,0.707005,0.000249547,0.707209
1581229937.995296523,0.546838,0.000434467,0.690632,-0.000191996,0.707003,0.000247991,0.707211
1581229938.002184657,0.546661,0.000423751,0.690629,-0.000187858,0.707,0.000239865,0.707213
1581229938.008378571,0.546509,0.000411059,0.690628,-0.000189055,0.706998,0.000223816,0.707216
1581229938.014678492,0.546357,0.000395386,0.690628,-0.000186945,0.707,0.000206613,0.707214
1581229938.021239192,0.546183,0.000376872,0.690624,-0.000182125,0.707007,0.000189528,0.707206
1581229938.059588303,0.545211,0.000318479,0.690609,-0.00013937,0.707043,0.000159297,0.707171
1581229938.066100154,0.545038,0.000321827,0.690603,-0.000146868,0.70705,0.000158946,0.707164
1581229938.072246932,0.544885,0.000328548,0.690606,-0.000162424,0.707049,0.000154127,0.707164
1581229938.079473759,0.544709,0.000337335,0.690612,-0.000181454,0.707046,0.000148359,0.707168
1581229938.086219814,0.544537,0.000346026,0.690612,-0.000194056,0.707046,0.000149087,0.707168
1581229938.092417057,0.544389,0.000353159,0.69061,-0.000199569,0.707047,0.00015421,0.707166
1581229938.098461862,0.544241,0.000361151,0.690606,-0.000203512,0.707049,0.000161022,0.707164
1581229938.105047481,0.54409,0.00036977,0.690604,-0.000208707,0.707051,0.000165759,0.707163
1581229938.111221117,0.543912,0.000379217,0.690607,-0.000211214,0.707049,0.000172441,0.707164
1581229938.117315338,0.543762,0.000385507,0.690604,-0.000207187,0.707051,0.000182362,0.707162
1581229938.123455373,0.543613,0.000389887,0.6906,-0.000198557,0.707054,0.000195553,0.70716
1581229938.163464793,0.542618,0.00043407,0.690599,-0.000187464,0.70706,0.00026017,0.707153
1581229938.169589349,0.542467,0.000441426,0.6906,-0.000196022,0.70706,0.000261567,0.707153
1581229938.177655155,0.542266,0.000447155,0.690602,-0.000216761,0.707059,0.000249706,0.707155
1581229938.184403199,0.54209,0.00044528,0.690596,-0.000222429,0.707062,0.000243516,0.707152
1581229938.190324351,0.541942,0.000440221,0.69059,-0.000221258,0.707065,0.000240783,0.707148
1581229938.196426018,0.541791,0.000432013,0.690591,-0.000220954,0.707064,0.000233562,0.70715
1581229938.202626456,0.54164,0.000422733,0.690594,-0.000228846,0.707061,0.000216882,0.707153
1581229938.209165482,0.541489,0.000412477,0.690594,-0.00024136,0.707059,0.000194689,0.707155
1581229938.215289842,0.541312,0.000399632,0.690597,-0.000250104,0.707055,0.000171564,0.707159
1581229938.221348826,0.54116,0.00039033,0.6906,-0.000249294,0.70705,0.000162009,0.707164
1581229938.227545542,0.541009,0.000381963,0.690603,-0.000247459,0.707046,0.00015397,0.707168
1581229938.267789605,0.539997,0.000353961,0.690625,-0.000200914,0.707026,0.000149401,0.707188
1581229938.274240667,0.53982,0.000351133,0.69063,-0.000201758,0.707022,0.000142505,0.707192
1581229938.280353396,0.539671,0.00034786,0.690629,-0.000197967,0.707021,0.000140406,0.707192
1581229938.287179980,0.539521,0.00034658,0.690631,-0.0001867,0.70702,0.000147823,0.707194
1581229938.293422534,0.539344,0.000345219,0.690636,-0.000170848,0.707016,0.000159014,0.707198
1581229938.299537609,0.539192,0.000343737,0.690641,-0.000164082,0.707012,0.000161785,0.707202
1581229938.306120672,0.539015,0.000341594,0.690641,-0.000163227,0.707013,0.000157922,0.707201
1581229938.312236195,0.538865,0.000339643,0.690633,-0.000163231,0.707019,0.000154741,0.707194
1581229938.319652167,0.53869,0.000338417,0.690627,-0.000159586,0.707025,0.000156911,0.707189
1581229938.326421102,0.538512,0.000338492,0.690631,-0.000154313,0.707022,0.000161562,0.707191
1581229938.336261355,0.53836,0.000339736,0.690635,-0.000154845,0.707021,0.000162486,0.707193
1581229938.372086164,0.537348,0.000344479,0.690642,-0.000172406,0.707025,0.00015036,0.707188
1581229938.379180920,0.537174,0.000338735,0.690637,-0.000163243,0.707031,0.000151006,0.707182
1581229938.385471759,0.537026,0.000334494,0.690632,-0.000152457,0.707036,0.000155558,0.707178
1581229938.391592508,0.536851,0.000333714,0.690639,-0.000144916,0.707033,0.000160113,0.70718
1581229938.398246292,0.536697,0.000336998,0.690648,-0.000149195,0.707029,0.000158368,0.707184
1581229938.404490433,0.536546,0.000342497,0.690649,-0.000158723,0.707031,0.000156179,0.707183
1581229938.410579074,0.536396,0.00034899,0.690647,-0.000167032,0.707034,0.000157421,0.70718
1581229938.417250561,0.536221,0.000357364,0.690642,-0.000176701,0.707039,0.000161188,0.707175
1581229938.423390590,0.536072,0.00036589,0.690639,-0.000186406,0.707042,0.000164504,0.707172
1581229938.430070040,0.535919,0.00037564,0.690643,-0.000199524,0.707041,0.000164684,0.707172
1581229938.436287912,0.53574,0.000387431,0.690643,-0.000214552,0.707044,0.000165976,0.70717
1581229938.442312873,0.53559,0.000396126,0.690642,-0.000224473,0.707046,0.00016922,0.707168
1581229938.481544149,0.534617,0.00043326,0.690647,-0.000274401,0.707035,0.00018125,0.707178
1581229938.487608772,0.534468,0.000437178,0.690649,-0.000278716,0.707029,0.000183467,0.707184
1581229938.494191957,0.534292,0.000442892,0.690648,-0.000292189,0.707027,0.000178016,0.707187
1581229938.500400953,0.53414,0.000447153,0.690647,-0.000300873,0.707026,0.000173747,0.707187
1581229938.506558652,0.53399,0.00045032,0.690644,-0.000299458,0.707027,0.000178003,0.707186
1581229938.513185888,0.533842,0.000452423,0.690641,-0.000294111,0.70703,0.000186325,0.707184
1581229938.519185240,0.533667,0.000454626,0.690641,-0.000288848,0.70703,0.000194552,0.707184
1581229938.525397095,0.533518,0.000455107,0.69064,-0.000290644,0.70703,0.000193382,0.707183
1581229938.531552751,0.533368,0.000453131,0.690636,-0.000296377,0.707033,0.000185625,0.707181
1581229938.538216295,0.533194,0.00045241,0.690638,-0.000299596,0.707031,0.000181424,0.707183
1581229938.544374327,0.533045,0.000451952,0.690637,-0.000293351,0.707032,0.000186399,0.707181
1581229938.583542202,0.532076,0.000437078,0.690651,-0.000288501,0.707025,0.000172578,0.707189
1581229938.590179396,0.531901,0.000429596,0.690657,-0.000292994,0.707022,0.000159972,0.707192
1581229938.596575607,0.53175,0.000423294,0.690656,-0.000301504,0.707023,0.00014435,0.707191
1581229938.603042157,0.531576,0.000415536,0.690655,-0.000296114,0.707024,0.000139217,0.707189
1581229938.609390075,0.531428,0.000408992,0.690659,-0.000280167,0.707022,0.000144648,0.707191
1581229938.615454079,0.531278,0.000404383,0.690664,-0.000263798,0.707019,0.000152366,0.707194
1581229938.621605030,0.531127,0.000400217,0.690669,-0.000254446,0.707016,0.000153129,0.707197
1581229938.628207462,0.530949,0.000396152,0.690666,-0.000245429,0.707019,0.000152653,0.707194
1581229938.634281336,0.5308,0.000393087,0.690661,-0.000235424,0.707024,0.000156109,0.70719
1581229938.640537150,0.530653,0.00038955,0.690656,-0.000221524,0.707028,0.000163569,0.707185
1581229938.646749189,0.530503,0.000386243,0.690656,-0.000206311,0.707029,0.00017203,0.707184
1581229938.686125277,0.5295,0.000359508,0.690667,-0.000157697,0.707021,0.000176492,0.707193
1581229938.692319868,0.529348,0.000356459,0.690668,-0.000158062,0.70702,0.000172321,0.707193
1581229938.698426889,0.529197,0.000353232,0.690664,-0.000159939,0.707022,0.000168109,0.707191
1581229938.704607918,0.529049,0.000351358,0.690662,-0.00016413,0.707022,0.000164604,0.707192
1581229938.710685972,0.528877,0.000350513,0.690665,-0.000174131,0.707016,0.000157734,0.707197
1581229938.717248960,0.528726,0.000352474,0.690673,-0.00019277,0.707008,0.000145401,0.707205
1581229938.723449266,0.528574,0.000355161,0.690679,-0.000214814,0.707002,0.000130867,0.707212
1581229938.729572019,0.528423,0.000357936,0.69068,-0.000226215,0.706999,0.000126803,0.707214
1581229938.735654125,0.528274,0.000359525,0.690676,-0.000233616,0.707,0.000124459,0.707214
1581229938.742281124,0.528101,0.000360196,0.690672,-0.000237144,0.707001,0.000123461,0.707213
1581229938.748333839,0.527952,0.000360314,0.690671,-0.000233534,0.707,0.000125189,0.707213
1581229938.787732065,0.5278,0.000360519,0.690673,-0.000222857,0.706997,0.000131857,0.707216
1581229938.794568083,0.526802,0.000345236,0.690683,-0.000135812,0.706977,0.000182996,0.707237
1581229938.800505327,0.526654,0.000349588,0.690682,-0.000125987,0.706976,0.000196591,0.707237
1581229938.806537919,0.526505,0.000353664,0.69068,-0.000126251,0.706977,0.000199937,0.707236
1581229938.813215501,0.52633,0.000359948,0.690677,-0.00013458,0.706978,0.000198797,0.707236
1581229938.819309853,0.526179,0.000364924,0.690676,-0.000139567,0.706977,0.000200834,0.707237
1581229938.825468905,0.526028,0.000370389,0.690675,-0.000144319,0.706976,0.000205169,0.707238
1581229938.831650095,0.525878,0.0003747,0.690675,-0.000149185,0.706978,0.000208774,0.707236
1581229938.838303667,0.525706,0.000378811,0.690674,-0.000171222,0.70698,0.000197511,0.707233
1581229938.844456780,0.525557,0.000381251,0.690671,-0.000193271,0.706984,0.000183403,0.70723
1581229938.850647325,0.525407,0.000384144,0.690669,-0.000209048,0.706987,0.000175332,0.707226
1581229938.890629595,0.525258,0.000385845,0.690666,-0.000216688,0.706991,0.000173409,0.707223
1581229938.897268005,0.524233,0.000403252,0.690656,-0.000245829,0.707007,0.000172486,0.707207
1581229938.903528091,0.524084,0.000408796,0.690657,-0.000257054,0.707007,0.000169402,0.707206
1581229938.909681788,0.523935,0.000414875,0.690658,-0.000266485,0.707008,0.000168435,0.707206
1581229938.915683226,0.523757,0.00042351,0.69066,-0.000265082,0.707008,0.00017995,0.707205
1581229938.922487605,0.523608,0.000431177,0.690659,-0.000261681,0.70701,0.000193349,0.707204
1581229938.928691203,0.523459,0.00043938,0.690657,-0.000264035,0.707012,0.000201726,0.707202
1581229938.935227553,0.523284,0.000450746,0.690659,-0.000276023,0.707011,0.000204406,0.707203
1581229938.941285540,0.523133,0.000459393,0.690662,-0.000284303,0.707009,0.000207076,0.707204
1581229938.954518160,0.522805,0.000463498,0.690656,-0.000278177,0.707015,0.000217831,0.707198
1581229938.960528449,0.522656,0.00045892,0.690649,-0.00027608,0.70702,0.000214745,0.707193
1581229939.007689238,0.52148,0.000379846,0.690657,-0.00022825,0.707019,0.000154725,0.707195
1581229939.014164832,0.521302,0.000369085,0.690658,-0.000215443,0.707019,0.000150685,0.707195
