timestamp,fx,fy,fz,tx,ty,tz
1581151700.589950442,-2.37324,3.43402,-1.72103,2.23046,1.8638,0.224866
1581151700.596143636,-2.99421,3.59375,-1.9422,2.31277,1.973,0.213854
1581151700.602912816,-3.2075,3.66058,-2.07717,2.33023,1.99871,0.20875
1581151700.609702462,-2.99424,3.43262,-1.78142,2.24582,1.92989,0.210119
1581151700.617030409,-2.82136,3.31531,-1.40491,2.23573,1.90292,0.206786
1581151700.623697095,-2.7571,3.3625,-0.806217,2.2575,1.89436,0.203599
1581151700.629795770,-2.53609,3.50251,-0.127946,2.28622,1.86631,0.202415
1581151700.636211730,-2.36584,3.6439,0.670787,2.30204,1.82736,0.202903
1581151700.642867932,-2.42017,3.76295,0.981478,2.32897,1.82363,0.201956
1581151700.649123125,-2.17096,3.86322,1.24665,2.33477,1.77358,0.205554
1581151700.656052739,-2.10284,3.87529,1.276,2.33342,1.74237,0.209304
1581151700.662965717,-1.96066,3.7812,1.39549,2.3049,1.69832,0.214002
1581151700.708231495,-2.5528,3.53891,0.429388,2.28223,1.70785,0.210722
1581151700.715930721,-2.4375,3.63239,0.54393,2.2929,1.69629,0.212304
1581151700.722220037,-2.28892,3.61752,0.67092,2.27519,1.67005,0.213607
1581151700.729083395,-2.39074,3.73725,0.695163,2.32684,1.70642,0.210215
1581151700.735628976,-2.23545,3.65564,1.00156,2.30355,1.68091,0.209895
1581151700.741978919,-1.89242,3.62242,1.31672,2.28231,1.63229,0.211702
1581151700.748270808,-1.53679,3.51251,1.39137,2.23447,1.57327,0.214421
1581151700.754904432,-1.70467,3.64683,1.37315,2.29118,1.61874,0.209152
1581151700.761705458,-2.23956,3.72645,0.907744,2.33249,1.69322,0.201432
1581151700.767953518,-2.05855,3.77885,0.992261,2.34717,1.6825,0.199451
1581151700.774706149,-1.76966,3.74593,1.23049,2.31443,1.63291,0.201336
1581151700.816214483,-1.93376,3.78283,1.41043,2.32886,1.65563,0.200184
1581151700.822921618,-1.78872,3.70577,1.51209,2.32331,1.62421,0.214499
1581151700.829718676,-2.07976,3.71462,1.17769,2.33829,1.6598,0.210566
1581151700.835962727,-1.78956,3.45663,1.24323,2.23201,1.57661,0.219818
1581151700.842161951,-1.61312,3.4681,1.46525,2.25527,1.5693,0.219339
1581151700.848993047,-1.67731,3.52143,1.58253,2.28477,1.58774,0.218617
1581151700.855596702,-1.86506,3.83048,1.6017,2.3934,1.65244,0.212248
1581151700.862064063,-1.95591,3.90918,1.43999,2.4108,1.66603,0.212567
1581151700.868108931,-1.89157,3.93097,1.37328,2.40218,1.652,0.213562
1581151700.875082093,-1.60957,3.97672,1.56396,2.41714,1.63112,0.21726
1581151700.881596956,-1.70443,3.98852,1.49282,2.44437,1.6581,0.214676
1581151700.887957413,-2.05544,4.0586,1.47321,2.48331,1.71275,0.211147
1581151700.894166868,-2.16659,4.17978,1.482,2.52751,1.74374,0.205763
1581151700.900899135,-2.14141,4.13098,1.46969,2.49682,1.72575,0.20597
1581151700.949133888,-2.12017,3.98344,1.33783,2.47739,1.70791,0.196604
1581151700.955938317,-2.04705,4.04137,1.43883,2.49774,1.70597,0.195289
1581151700.962092742,-1.57771,3.98997,1.81013,2.45898,1.63449,0.201302
1581151700.968845429,-1.77763,4.14207,1.90841,2.51391,1.6737,0.197088
1581151700.974928217,-1.84639,4.17578,1.97893,2.53425,1.68792,0.195561
1581151700.981648021,-2.07489,4.29349,1.78822,2.58891,1.73359,0.189874
1581151700.987840019,-2.15285,4.41896,1.6423,2.64275,1.76526,0.18678
1581151700.994582013,-2.12515,4.34509,1.55009,2.61505,1.74585,0.188842
1581151701.001022568,-2.15626,4.42117,1.37971,2.65749,1.76702,0.18622
1581151701.007747965,-2.34123,4.49784,1.15365,2.70571,1.8082,0.181481
1581151701.013814740,-2.37042,4.50799,1.12209,2.70774,1.8095,0.180823
1581151701.022123746,-2.39021,4.60468,1.22982,2.75152,1.82469,0.177546
1581151701.061907300,-1.95013,4.24932,1.92297,2.66315,1.72191,0.179549
1581151701.068764951,-2.02943,4.33078,1.82399,2.7264,1.75793,0.175165
1581151701.075021799,-2.27169,4.40003,1.67641,2.75406,1.7901,0.174281
1581151701.081817707,-2.27173,4.49554,1.54709,2.77742,1.79706,0.175598
1581151701.088089888,-1.96874,4.60792,1.65159,2.791,1.76554,0.177989
1581151701.094708126,-2.10041,4.72625,1.75886,2.84209,1.80016,0.176128
1581151701.101051890,-2.34952,4.84892,1.83356,2.89975,1.85032,0.171496
1581151701.107594829,-2.62349,4.91288,1.57744,2.92765,1.88996,0.168622
1581151701.114132890,-2.44056,4.86249,1.61707,2.89068,1.85123,0.17107
1581151701.121793025,-2.45569,4.83684,1.66071,2.9023,1.85947,0.169738
1581151701.128092399,-2.28568,4.83357,1.83028,2.92315,1.84942,0.167825
1581151701.167223086,-2.30031,4.7955,1.82406,2.9382,1.83023,0.163526
1581151701.173752516,-2.40025,5.06893,1.84872,3.01244,1.86273,0.158999
1581151701.179891398,-2.23031,5.11983,1.87052,2.98168,1.82177,0.161404
1581151701.186648899,-2.08402,5.13833,2.1889,2.97917,1.79838,0.161157
1581151701.193003044,-2.23437,5.21421,2.01999,3.03519,1.83975,0.154832
1581151701.199737065,-2.27652,5.10121,1.84732,2.99947,1.82921,0.155348
1581151701.205887382,-2.48416,5.00209,1.72628,2.98344,1.84551,0.154237
1581151701.212647583,-2.38343,4.79752,1.47772,2.91214,1.80461,0.159142
1581151701.218978310,-2.16151,4.76366,1.5315,2.90072,1.77653,0.161681
1581151701.225672155,-2.32951,4.88003,1.4747,2.9652,1.81968,0.157018
1581151701.232034160,-2.55266,4.99895,1.29036,2.9987,1.85047,0.156386
1581151701.272816853,-2.4186,5.07236,1.41058,2.9853,1.82149,0.159648
1581151701.279133605,-2.09524,4.87955,1.95051,2.9089,1.73094,0.169473
1581151701.285599132,-1.91502,4.79903,1.91367,2.88852,1.70183,0.171558
1581151701.291980561,-2.09699,4.74066,1.78707,2.89318,1.72187,0.170477
1581151701.298151622,-2.15906,4.74001,1.58819,2.89627,1.72817,0.169354
1581151701.305060928,-1.96826,4.74726,1.64202,2.89236,1.70448,0.170809
1581151701.311154298,-2.08155,4.83884,1.75804,2.93089,1.73077,0.166883
1581151701.319739097,-2.41528,4.96362,1.62901,2.98704,1.78578,0.161925
1581151701.325840216,-2.44568,5.04692,1.60404,3.00759,1.79448,0.159641
1581151701.334588202,-2.49804,5.02641,1.55851,2.99636,1.79327,0.160557
1581151701.338938148,-2.361,4.98084,1.72127,2.9819,1.7737,0.161577
1581151701.345138124,-2.28959,5.0504,1.75165,3.02515,1.78667,0.157876
1581151701.386897660,-2.64127,5.56375,1.88016,3.24707,1.90012,0.143311
1581151701.392989924,-2.34368,5.48243,1.91876,3.1944,1.84392,0.150805
1581151701.399775629,-2.2549,5.40508,1.98307,3.1709,1.82466,0.154229
1581151701.405941242,-2.13467,5.34002,2.04635,3.15761,1.80808,0.157653
1581151701.412736743,-2.15258,5.40111,2.08878,3.19992,1.82754,0.156612
1581151701.419939096,-2.50826,5.45761,1.86111,3.22349,1.87287,0.155585
1581151701.426734007,-2.76844,5.43203,1.58208,3.2025,1.88695,0.156503
1581151701.433702723,-2.37776,5.28914,1.66884,3.15336,1.82761,0.162171
1581151701.439938029,-2.16388,5.30497,1.74996,3.16486,1.80937,0.162549
1581151701.446204933,-2.23103,5.24902,1.74123,3.17666,1.82221,0.159244
1581151701.452918463,-2.54565,5.30497,1.69341,3.21041,1.86388,0.15471
1581151701.494261225,-2.54617,5.73281,1.70981,3.30041,1.86194,0.141748
1581151701.500883816,-2.2425,5.57131,1.90914,3.24907,1.80968,0.143526
1581151701.507060520,-2.15981,5.57337,1.81112,3.28317,1.81756,0.138944
1581151701.513796156,-2.30737,5.5484,1.58646,3.2886,1.83663,0.135154
1581151701.521768286,-2.32942,5.44113,1.5037,3.24868,1.82194,0.135421
1581151701.528041505,-2.26922,5.41587,1.65069,3.23036,1.80712,0.13425
1581151701.534193372,-2.29321,5.325,1.77505,3.20901,1.80199,0.1322
1581151701.540845260,-2.43789,5.32543,1.64652,3.24282,1.83491,0.126555
1581151701.547131619,-2.38136,5.35236,1.72039,3.25806,1.83269,0.123917
1581151701.553842475,-2.54703,5.49632,1.67776,3.29321,1.85857,0.12167
1581151701.560144266,-2.55645,5.73826,1.6459,3.36587,1.88155,0.117954
1581151701.566772128,-2.49338,5.81972,1.60744,3.38463,1.87724,0.118105
1581151701.572962045,-2.6431,5.99247,1.74,3.44804,1.91007,0.115397
1581151701.613249506,-2.45495,6.02348,1.72538,3.47263,1.88503,0.123974
1581151701.620899600,-2.2313,5.96656,1.8649,3.42504,1.84183,0.129203
1581151701.627238795,-2.2051,6.07615,1.87829,3.46109,1.85348,0.127341
1581151701.633792685,-2.33799,6.13094,1.65928,3.48901,1.88095,0.124809
1581151701.640126458,-2.4657,5.87416,1.46924,3.41711,1.8714,0.127887
1581151701.646173723,-2.57168,5.67468,1.48563,3.36767,1.86572,0.12979
1581151701.653173017,-2.344,5.41641,1.46846,3.29475,1.81947,0.134853
1581151701.659857828,-2.13917,5.41255,1.50388,3.31435,1.80788,0.135428
1581151701.666203976,-2.24705,5.50449,1.32412,3.37313,1.84222,0.131034
1581151701.672869275,-2.42968,5.68949,1.27945,3.43283,1.87639,0.128196
1581151701.679143168,-2.44619,5.82789,1.35138,3.44456,1.87438,0.128179
1581151701.719467510,-2.16844,6.03343,1.99339,3.51011,1.85725,0.120664
1581151701.726144941,-2.1332,6.15641,1.93273,3.57933,1.88189,0.1153
1581151701.732138632,-2.23099,6.16232,1.75517,3.59521,1.89933,0.112954
1581151701.738970085,-2.44614,6.16581,1.40365,3.60048,1.92475,0.11188
1581151701.745212852,-2.29413,6.01666,1.41327,3.52694,1.88082,0.118838
1581151701.751965578,-2.16047,6.0348,1.64816,3.53298,1.86958,0.11992
1581151701.758221465,-2.27156,5.98042,1.80138,3.52765,1.88041,0.12046
1581151701.764856622,-2.40159,6.11684,1.88275,3.5874,1.91553,0.116303
1581151701.771225608,-2.50756,6.09994,1.65176,3.57667,1.9228,0.118041
1581151701.777743205,-2.48521,6.06005,1.62883,3.54433,1.90598,0.122061
1581151701.784039162,-2.2602,5.96598,1.71036,3.51328,1.87291,0.124752
1581151701.790178727,-2.01382,5.95653,1.79873,3.51427,1.84774,0.125635
1581151701.843947389,-2.2231,5.91586,1.87824,3.52069,1.8719,0.122126
1581151701.850217582,-1.9992,6.07094,1.84245,3.51116,1.81887,0.112716
1581151701.856875384,-2.15665,6.1185,1.628,3.55692,1.85482,0.107498
1581151701.863090898,-2.18186,6.02537,1.46767,3.53391,1.84978,0.107707
1581151701.870076288,-2.33271,5.89386,1.5558,3.48819,1.84678,0.109643
1581151701.876100582,-2.39529,5.8321,1.49296,3.46333,1.84235,0.109859
1581151701.883117465,-2.26813,5.9974,1.31753,3.51422,1.84432,0.107523
1581151701.889682975,-2.15071,6.16167,1.31347,3.57811,1.85167,0.103925
1581151701.895934746,-2.25088,6.29422,1.35496,3.62652,1.87368,0.0997758
1581151701.902204220,-2.19365,6.27554,1.50689,3.60628,1.85265,0.101136
1581151701.908809959,-1.94991,6.19041,1.89315,3.55998,1.80546,0.105172
1581151701.916616650,-2.08683,6.07735,1.97889,3.54771,1.81209,0.102783
1581151701.957051106,-2.27631,6.28542,1.60325,3.63794,1.83728,0.1017
1581151701.963806083,-2.29203,6.38303,1.45824,3.66692,1.84585,0.102537
1581151701.969786303,-2.11955,6.27543,1.46647,3.61587,1.80766,0.109727
1581151701.976117144,-1.97264,6.2332,1.77296,3.59452,1.78149,0.114316
1581151702.058173336,-2.3098,6.14186,1.75463,3.63366,1.79102,0.113454
1581151702.064804485,-2.29036,6.30168,1.62233,3.65599,1.78787,0.114302
1581151702.071618929,-1.93391,6.31109,1.87774,3.63446,1.73884,0.118909
1581151702.078235489,-1.94535,6.41374,2.02333,3.68153,1.75298,0.115713
1581151702.084973281,-2.10313,6.46532,1.91904,3.7193,1.78183,0.110421
1581151702.091684602,-2.25261,6.48048,1.74753,3.73678,1.8019,0.107426
1581151702.098137099,-2.53206,6.40814,1.59853,3.71074,1.81852,0.106113
1581151702.105025181,-2.22671,6.29734,1.81755,3.66971,1.77034,0.10799
1581151702.111781567,-2.04754,6.34972,1.6633,3.7123,1.76557,0.10378
1581151702.119643891,-2.0601,6.4421,1.57766,3.76277,1.78229,0.0982292
1581151702.126161691,-2.28364,6.51152,1.42957,3.77397,1.80206,0.0960246
1581151702.132906998,-2.23104,6.41753,1.46995,3.72132,1.7751,0.0993586
1581151702.139258270,-2.02334,6.32387,1.79868,3.68391,1.73808,0.102531
1581151702.146091141,-2.03856,6.24533,1.91579,3.67501,1.73627,0.101524
1581151702.152732409,-2.14207,6.26593,1.87319,3.70835,1.75883,0.0990932
1581151702.159188674,-1.97935,6.19964,1.84824,3.66689,1.72552,0.10339
1581151702.165929661,-1.91163,6.20821,1.84481,3.6588,1.71485,0.105663
1581151702.172755818,-1.98148,6.20775,1.798,3.66015,1.72226,0.10714
1581151702.179128089,-1.92381,6.29493,1.8622,3.70001,1.72835,0.104397
1581151702.221897240,-2.07437,6.33656,1.48419,3.6931,1.7337,0.0996563
1581151702.228733004,-2.00697,6.22219,1.69499,3.64439,1.70929,0.100119
1581151702.235058565,-1.94649,6.1452,1.93771,3.62434,1.69745,0.098496
1581151702.241856649,-2.10716,6.13595,1.88688,3.63536,1.71523,0.0939486
1581151702.248139647,-2.04087,6.32031,1.83227,3.68586,1.72213,0.0904967
1581151702.254962584,-2.1428,6.32648,1.62442,3.67773,1.72693,0.0900829
1581151702.262795808,-1.87089,6.228,1.62536,3.62393,1.67722,0.0955654
1581151702.269129941,-1.75983,6.18679,1.57166,3.62063,1.66665,0.0964363
1581151702.275786256,-1.90055,6.18199,1.5013,3.63149,1.68316,0.0953413
1581151702.282252089,-2.15612,6.26483,1.51188,3.67302,1.72104,0.0914013
1581151702.289064815,-2.2711,6.28751,1.53952,3.67414,1.72968,0.0916601
1581151702.295781672,-1.95094,6.34404,1.68133,3.67537,1.6932,0.0941535
1581151702.302138391,-1.76044,6.32449,1.87515,3.66222,1.66773,0.0956647
1581151702.308815348,-1.91091,6.42934,1.71933,3.70295,1.69467,0.0921773
1581151702.316701028,-2.11765,6.40711,1.50302,3.6925,1.71035,0.0917184
1581151702.323730721,-2.00367,6.36998,1.54578,3.66651,1.68743,0.0924041
1581151702.332670320,-1.94652,6.25439,1.7895,3.6329,1.67086,0.0928095
1581151702.337182491,-1.90791,6.16727,1.83975,3.61692,1.66232,0.0929175
1581151702.343090618,-1.93066,6.16799,1.6471,3.64642,1.6761,0.089781
1581151702.349873982,-1.95085,6.21538,1.46118,3.6597,1.67726,0.0889907
1581151702.393176773,-1.79889,6.36321,1.74165,3.68785,1.64428,0.0978106
1581151702.399926627,-1.68121,6.28152,1.91581,3.68038,1.62689,0.0986631
1581151702.406696713,-1.85099,6.30714,1.824,3.71008,1.65265,0.0962663
1581151702.412988306,-2.02047,6.40951,1.74247,3.74085,1.6756,0.0936622
1581151702.420894404,-2.11281,6.41404,1.62097,3.71365,1.66993,0.0968358
1581151702.427297936,-1.82916,6.44609,1.80246,3.71569,1.63992,0.0970011
1581151702.434653195,-1.76378,6.46678,1.85907,3.74269,1.64131,0.0949236
1581151702.441077045,-1.70556,6.62082,1.97744,3.79037,1.64945,0.0912192
1581151702.447863403,-1.90094,6.51467,1.89642,3.75547,1.65947,0.0920364
1581151702.454237428,-1.90529,6.36747,1.87719,3.70372,1.64497,0.0951833
1581151702.461027219,-1.78799,6.21929,2.00569,3.67868,1.62951,0.0959925
1581151702.467757981,-1.81686,6.22137,2.05711,3.7031,1.64259,0.0928917
1581151702.474038433,-2.09401,6.27491,1.91574,3.73793,1.6815,0.0880944
1581151702.517649759,-1.95217,6.45384,1.79827,3.76415,1.65253,0.0896995
1581151702.524010585,-2.05227,6.47758,1.75062,3.77742,1.66624,0.0887815
1581151702.530219345,-1.71209,6.5205,1.84806,3.7803,1.62928,0.0916641
1581151702.536874376,-1.57791,6.55171,1.81707,3.80081,1.6254,0.090761
1581151702.543086590,-1.74365,6.62538,1.78574,3.82983,1.6521,0.0887931
1581151702.549755775,-1.7426,6.56465,2.04215,3.80051,1.64233,0.0909505
1581151702.562950575,-1.95219,6.65769,2.07069,3.85058,1.68157,0.084614
1581151702.569252181,-2.12052,6.74593,1.93505,3.90082,1.71526,0.0794088
1581151702.575843697,-2.04305,6.7505,1.52332,3.90172,1.70926,0.079165
1581151702.618917810,-1.71408,6.45904,1.94304,3.79782,1.63609,0.0840338
1581151702.623972226,-1.55074,6.377,2.06784,3.77694,1.61332,0.0855892
1581151702.630715342,-1.7528,6.50302,1.85906,3.83745,1.65236,0.0804648
1581151702.636961488,-1.79218,6.6614,1.86298,3.87731,1.6633,0.0776639
1581151702.643102720,-1.88899,6.7697,1.76182,3.89526,1.67402,0.0766725
1581151702.649916526,-1.62474,6.84004,1.75928,3.9099,1.6503,0.0768403
1581151702.656158706,-1.5213,6.78203,1.92443,3.88643,1.63047,0.0777227
1581151702.663343226,-1.72535,6.85091,1.80078,3.92363,1.66226,0.0727969
1581151702.669871020,-1.92903,6.76051,1.55655,3.89384,1.67385,0.0729608
1581151702.676068060,-1.73951,6.72346,1.60507,3.87232,1.64702,0.0745504
1581151702.682773446,-1.56884,6.64451,1.7294,3.84529,1.62095,0.0750221
1581151702.688951553,-1.49979,6.66626,1.85496,3.85739,1.61636,0.0727513
1581151702.731446820,-1.69359,6.43931,1.73799,3.80089,1.61976,0.0668082
1581151702.737782000,-1.80117,6.52918,1.41501,3.82211,1.63694,0.0665826
1581151702.744110824,-1.51358,6.4075,1.46283,3.75051,1.58428,0.0754378
1581151702.750317018,-1.52483,6.44915,1.72494,3.77003,1.58902,0.0750898
1581151702.757049829,-1.48494,6.50132,2.0449,3.7911,1.58701,0.0736663
1581151702.763279051,-1.72047,6.71339,2.01272,3.87455,1.63364,0.0669559
1581151702.769968599,-1.63366,6.79271,1.84084,3.88463,1.62435,0.0685453
1581151702.776213956,-1.57749,6.83936,1.74344,3.87655,1.61194,0.0708251
1581151702.782892222,-1.42218,6.78877,1.84131,3.85987,1.59112,0.0728824
1581151702.789128686,-1.56657,6.86438,1.82792,3.9013,1.61777,0.0695885
1581151702.795814604,-1.66289,6.87119,1.77803,3.9151,1.63142,0.0677951
1581151702.840000060,-1.6928,6.54783,1.58506,3.81514,1.60309,0.0710494
1581151702.846142130,-1.64887,6.61432,1.6583,3.84319,1.60639,0.0698483
1581151702.852939804,-1.58669,6.6264,1.76441,3.83868,1.5959,0.0706212
1581151702.859077962,-1.53271,6.6732,1.82188,3.86408,1.59637,0.0691722
1581151702.865781648,-1.42247,6.63797,1.70332,3.84955,1.57941,0.0716313
1581151702.871906015,-1.49249,6.5979,1.71861,3.83479,1.58074,0.0742878
1581151702.878230623,-1.32851,6.49232,1.9522,3.79764,1.55109,0.0780978
1581151702.884954461,-1.51872,6.57853,1.7551,3.84586,1.58304,0.0740966
1581151702.891230181,-1.56142,6.73542,1.57931,3.90485,1.60206,0.0695166
1581151702.897984265,-1.65617,6.79294,1.43101,3.91875,1.61234,0.0683896
1581151702.904794912,-1.68588,6.83617,1.37942,3.92178,1.612,0.0675964
1581151702.911113616,-1.56684,6.7858,1.54847,3.89629,1.58987,0.069039
1581151702.965110839,-1.72919,6.68757,1.5515,3.97315,1.62698,0.054571
1581151702.971757895,-1.58298,6.86903,1.55702,4.01647,1.61619,0.0548595
1581151702.977894261,-1.48446,6.99892,1.5417,4.04291,1.60901,0.0557342
1581151702.984218586,-1.34103,7.26512,1.70008,4.12818,1.61055,0.0528183
1581151702.990837734,-1.59234,7.36924,1.75383,4.16398,1.63932,0.0506047
1581151702.997040768,-1.8084,7.37979,1.77996,4.16135,1.65398,0.051371
1581151703.003725903,-1.7107,7.28861,1.97117,4.11828,1.62603,0.0577306
1581151703.010189656,-1.42422,7.08288,1.9443,4.05287,1.57721,0.0654034
1581151703.017856180,-1.23706,7.04499,1.9274,4.06356,1.56277,0.0667722
1581151703.024223851,-1.47373,7.02963,1.8151,4.08152,1.5917,0.0656818
1581151703.031274486,-1.73886,7.00001,1.55165,4.0584,1.60853,0.0669481
1581151703.075848761,-1.33203,6.7057,1.67989,3.94465,1.52308,0.0765689
1581151703.082374153,-1.28211,6.61851,1.8163,3.94266,1.51626,0.0750329
1581151703.088451127,-1.41643,6.70731,1.97885,3.991,1.53916,0.0690436
1581151703.095132249,-1.56235,6.82777,1.92726,4.03095,1.55963,0.0636931
1581151703.101332030,-1.66856,6.93615,1.83574,4.04373,1.56603,0.0617816
1581151703.108198487,-1.32943,6.95314,1.94349,4.01584,1.5185,0.0647267
1581151703.115962335,-1.31466,7.00339,1.91653,4.03404,1.51676,0.0618392
1581151703.122178743,-1.51917,7.13484,1.74969,4.10217,1.55146,0.0541064
1581151703.128944244,-1.64315,7.09447,1.62839,4.08566,1.5581,0.052635
1581151703.135060871,-1.59488,7.05346,1.49021,4.06706,1.54667,0.0539024
1581151703.141741890,-1.53643,6.95546,1.51675,4.02843,1.5285,0.0557785
1581151703.147892965,-1.40668,6.90944,1.69122,4.02087,1.51309,0.055475
1581151703.154290165,-1.60143,6.93396,1.60147,4.04527,1.53848,0.0510584
1581151703.203405058,-1.31597,7.17914,2.20681,4.09248,1.50816,0.0367934
1581151703.209858897,-1.49732,7.15807,2.01418,4.08906,1.52381,0.0361799
1581151703.220987858,-1.60414,7.11845,1.57779,4.10413,1.53559,0.034299
1581151703.227847724,-1.51967,7.10542,1.39751,4.10272,1.52377,0.0355581
1581151703.234069224,-1.42806,6.96112,1.64338,4.03124,1.49023,0.0415661
1581151703.240336227,-1.49003,6.95687,1.99312,4.02106,1.48781,0.0419239
1581151703.246885398,-1.6766,6.99584,1.97037,4.04131,1.50844,0.040058
1581151703.253072079,-1.62783,7.05897,1.9269,4.05783,1.50298,0.0396676
1581151703.259814623,-1.48288,7.05194,1.94768,4.05833,1.4862,0.0414288
1581151703.265912581,-1.32048,7.01916,2.0556,4.03436,1.45898,0.0449641
1581151703.272336358,-1.30187,7.06847,2.25187,4.04696,1.45747,0.0456527
1581151703.278832133,-1.30994,6.96852,2.32653,4.01031,1.44677,0.0490215
1581151703.285087139,-1.47209,6.97042,2.07872,4.02449,1.4664,0.0474975
1581151703.339066936,-1.37765,7.12196,2.15401,4.08781,1.44498,0.0406233
1581151703.345844896,-1.33987,7.16873,2.36044,4.12012,1.44572,0.036598
1581151703.352045460,-1.4312,7.26682,2.24491,4.17279,1.46677,0.0310419
1581151703.358767226,-1.60945,7.31317,1.91895,4.1837,1.48575,0.0293472
1581151703.364974687,-1.41281,7.18884,2.08815,4.12381,1.44852,0.0346787
1581151703.371261516,-1.43636,7.00472,2.0159,4.09167,1.44738,0.0354117
1581151703.377807262,-1.45595,7.00858,2.13415,4.12213,1.45946,0.0317302
1581151703.384243580,-1.53288,7.14596,2.08919,4.19231,1.48622,0.0251501
1581151703.390902260,-1.74675,7.33082,1.86742,4.24714,1.52023,0.0212722
1581151703.397060385,-1.66682,7.47984,1.84558,4.27518,1.51619,0.0211347
1581151703.403861901,-1.35949,7.50993,2.03253,4.26241,1.47969,0.0264983
1581151703.410086057,-1.26554,7.64575,2.16561,4.3103,1.48063,0.0255217
1581151703.417882964,-1.47713,7.66691,2.15964,4.34038,1.50986,0.0242849
1581151703.475017215,-1.38435,7.13834,1.81526,4.16913,1.45224,0.0434664
1581151703.481507242,-1.37498,7.09123,1.88433,4.17597,1.45433,0.0416513
1581151703.488057898,-1.46327,7.08298,1.99297,4.18992,1.46552,0.0385326
1581151703.494086704,-1.51445,7.21222,2.14887,4.22913,1.47654,0.0346041
1581151703.500861542,-1.51611,7.33084,2.10711,4.25508,1.48152,0.0334117
1581151703.506931583,-1.31052,7.4855,2.02245,4.2931,1.46624,0.0326662
1581151703.513341593,-1.23479,7.64498,2.05378,4.34558,1.46979,0.0296039
1581151703.521214473,-1.44591,7.73675,2.1197,4.37879,1.49486,0.0263986
1581151703.528083376,-1.53075,7.77514,2.20062,4.39204,1.50419,0.0247368
1581151703.591891836,-1.5804,7.69513,2.239,4.41441,1.48833,0.0226562
1581151703.598208620,-1.46325,7.65019,2.36208,4.40203,1.47177,0.0241888
1581151703.604979360,-1.25888,7.64861,2.43959,4.40465,1.45068,0.0256248
1581151703.611877986,-1.35345,7.83542,2.27104,4.48597,1.47922,0.0193028
1581151703.619188508,-1.39929,7.86467,2.05425,4.49432,1.4856,0.0192446
1581151703.625888709,-1.67163,7.95928,1.98838,4.52573,1.51795,0.0166109
1581151703.632273150,-1.47986,7.95751,2.11359,4.50994,1.49205,0.0182587
1581151703.638909027,-1.4406,7.87103,2.30539,4.48632,1.48251,0.0194664
1581151703.645316060,-1.54178,7.95593,2.22416,4.52214,1.49838,0.0153273
1581151703.651853445,-1.60232,8.0153,2.00051,4.54824,1.50848,0.0126888
1581151703.659004661,-1.36633,8.10959,1.97948,4.55369,1.48159,0.0139
1581151703.665352205,-1.19155,8.08678,2.22126,4.53028,1.45448,0.0154333
1581151703.723358909,-1.71504,7.79883,1.80251,4.44786,1.47092,0.0044644
1581151703.730346783,-1.30898,7.84329,2.17868,4.4455,1.42572,0.00471376
1581151703.736912485,-1.30679,7.93026,2.44666,4.48313,1.43113,0.000147254
1581151703.743183362,-1.43657,8.07755,2.64438,4.54469,1.45569,-0.00762568
1581151703.749329640,-1.50079,8.1273,2.63215,4.55064,1.45982,-0.00935306
1581151703.756101434,-1.44222,8.1224,2.40216,4.5388,1.44962,-0.00870386
1581151703.762286482,-1.2124,8.0434,2.37204,4.50569,1.41693,-0.00678517
1581151703.768946698,-1.13552,7.90248,2.48065,4.48048,1.40408,-0.00693382
1581151703.775115059,-1.33729,7.83727,2.36785,4.49006,1.43051,-0.011862
1581151703.781409724,-1.65457,7.85776,2.31556,4.5015,1.46306,-0.0168196
1581151703.787891832,-1.59358,7.85535,2.35236,4.48748,1.45045,-0.0174405
1581151703.794043628,-1.68508,7.93495,2.28216,4.5108,1.4616,-0.0209175
1581151703.834339688,-1.53392,7.97581,2.37976,4.52417,1.42669,-0.0140844
1581151703.840998130,-1.42826,7.96476,2.50914,4.51989,1.41266,-0.0111304
1581151703.847075258,-1.51792,8.0912,2.41327,4.54436,1.42295,-0.0112142
1581151703.853373743,-1.40971,8.06064,2.47466,4.50706,1.39923,-0.00486276
1581151703.860041575,-1.19751,7.90633,2.49698,4.45087,1.36474,0.00113109
1581151703.866287466,-1.26956,7.84288,2.3646,4.45398,1.37449,0.000284564
1581151703.873096364,-1.22272,7.77211,2.36539,4.42728,1.36156,0.00243186
1581151703.879150255,-1.50065,7.65708,2.22827,4.39467,1.38261,0.00291695
1581151703.885820997,-1.60126,7.62937,2.18046,4.38692,1.38944,0.00229768
1581151703.891885197,-1.48452,7.57274,2.33761,4.36939,1.3715,0.0029383
1581151703.898315419,-1.34665,7.61215,2.34005,4.39508,1.36077,0.000418846
1581151703.937352811,-1.46886,7.93446,2.75939,4.5403,1.39012,-0.0190846
1581151703.944101373,-1.69715,8.0646,2.56288,4.58539,1.42043,-0.0248773
1581151703.950174353,-1.72449,8.21116,2.41013,4.62643,1.4287,-0.0283458
1581151703.956990663,-1.46183,8.24973,2.29872,4.62839,1.39916,-0.0265977
1581151703.963310395,-1.28975,8.26677,2.24517,4.63834,1.38299,-0.0267019
1581151703.970126989,-1.31404,8.2449,2.28705,4.64169,1.38389,-0.0276724
1581151703.976207786,-1.56099,8.08856,2.0311,4.61343,1.40473,-0.0269847
1581151703.983026627,-1.61911,7.98182,2.06103,4.59595,1.40634,-0.026019
1581151703.989074411,-1.44589,7.92512,2.38725,4.57389,1.38095,-0.0228365
1581151703.995770778,-1.38956,8.00705,2.71012,4.61018,1.38115,-0.0248989
1581151704.001948218,-1.32054,8.05776,2.95376,4.61754,1.37214,-0.0235507
1581151704.058392299,-1.42452,8.26223,2.26862,4.66056,1.37678,-0.0130991
1581151704.065064658,-1.1948,8.25521,2.15264,4.66934,1.35478,-0.0117993
1581151704.071231755,-1.19844,8.25692,2.02812,4.69138,1.36037,-0.0137635
1581151704.078118483,-1.335,8.30378,2.11755,4.71166,1.37483,-0.0158899
1581151704.084078238,-1.56746,8.23605,2.25754,4.68117,1.38944,-0.0148548
1581151704.090885429,-1.5194,8.2103,2.5044,4.65502,1.37452,-0.0128291
1581151704.097095452,-1.27824,8.10829,2.77651,4.62642,1.34213,-0.0103278
1581151704.103928986,-1.17611,8.25032,2.73212,4.69117,1.34625,-0.0157703
1581151704.110065320,-1.37376,8.22991,2.59702,4.69243,1.36471,-0.0161562
1581151704.117280494,-1.18676,8.10364,2.44712,4.6483,1.33815,-0.0108577
1581151704.156510322,-1.44311,8.43773,2.29036,4.74332,1.38213,-0.0163916
1581151704.163320027,-1.3601,8.48089,2.08414,4.74744,1.3748,-0.0144391
1581151704.169232650,-1.18105,8.48393,2.05281,4.7603,1.35902,-0.0138788
1581151704.175858984,-1.12948,8.52233,2.01656,4.78876,1.35968,-0.0153716
1581151704.182175802,-1.18036,8.46805,2.23245,4.77535,1.36004,-0.0143565
1581151704.188312454,-1.16164,8.40098,2.64241,4.7492,1.3497,-0.0125709
1581151704.195039920,-1.29602,8.37193,2.76059,4.74107,1.35999,-0.0134723
1581151704.201345823,-1.29998,8.31821,2.85987,4.72872,1.35563,-0.0140049
1581151704.208012685,-1.4849,8.32318,2.63043,4.74552,1.37855,-0.0181575
1581151704.215977393,-1.36156,8.2505,2.3042,4.73075,1.36231,-0.0183765
1581151704.223326295,-1.15984,8.22046,2.20066,4.72205,1.33984,-0.0176116
1581151704.263015221,-1.20532,8.59134,2.86513,4.84174,1.35238,-0.0330962
1581151704.269181374,-1.34052,8.68007,2.59682,4.88247,1.37459,-0.0372621
1581151704.275195051,-1.16097,8.6606,2.32577,4.88472,1.35573,-0.037205
1581151704.282106669,-1.14848,8.70551,2.33075,4.90202,1.35753,-0.0388617
1581151704.288077843,-1.08008,8.64986,2.40056,4.87612,1.34323,-0.0374334
1581151704.294850950,-1.22912,8.67451,2.64308,4.87775,1.35615,-0.0385929
1581151704.301034855,-1.32693,8.63322,2.76964,4.86762,1.36294,-0.0400538
1581151704.307279021,-1.59824,8.78752,2.47541,4.92561,1.40031,-0.0467908
1581151704.313954412,-1.5228,8.76236,2.46483,4.90035,1.38327,-0.0444897
1581151704.321210359,-1.21374,8.5941,2.36779,4.83168,1.3339,-0.037358
1581151704.328063615,-0.943495,8.42616,2.32358,4.79377,1.29867,-0.032998
1581151704.369784519,-1.10124,8.68414,2.70134,4.88861,1.31143,-0.0484309
1581151704.376120223,-1.20716,8.75259,2.53029,4.91164,1.32551,-0.0514069
1581151704.382286614,-1.30365,8.79337,2.27041,4.92152,1.33595,-0.0534573
1581151704.388972375,-1.06445,8.70122,2.4629,4.88387,1.30337,-0.0506804
1581151704.395131648,-1.12335,8.66558,2.57624,4.88755,1.31201,-0.0531698
1581151704.401860880,-1.27481,8.70334,2.51661,4.92504,1.3373,-0.0587392
1581151704.408067162,-1.30072,8.71528,2.59267,4.9323,1.33957,-0.0613211
1581151704.415904974,-1.319,8.73413,2.49659,4.93221,1.33978,-0.0627655
1581151704.422204753,-1.1717,8.72518,2.42039,4.91169,1.31884,-0.0613515
1581151704.428810681,-0.945307,8.63906,2.48983,4.89271,1.29234,-0.0592709
1581151704.435028981,-0.873729,8.70768,2.34224,4.93898,1.29701,-0.0636592
1581151704.474430737,-1.31883,9.02728,2.53473,5.05518,1.35561,-0.0735723
1581151704.481264543,-1.23221,8.97648,2.38835,5.03749,1.34219,-0.0701674
1581151704.487365840,-1.22577,8.98508,2.25905,5.03614,1.34049,-0.0676491
1581151704.494068433,-1.33537,8.88717,2.11906,5.00642,1.34434,-0.0648958
1581151704.500281459,-1.22684,8.90322,2.26249,5.02032,1.3339,-0.0658198
1581151704.507074395,-1.29467,8.91786,2.28425,5.03673,1.34226,-0.0673583
1581151704.513340257,-1.12275,8.98776,2.5902,5.05832,1.32581,-0.0688535
1581151704.521121938,-1.00507,8.97257,2.99302,5.0353,1.3055,-0.0671664
1581151704.527162307,-1.1557,9.10434,2.91708,5.07633,1.32685,-0.0707675
1581151704.533887236,-1.10878,9.07674,2.83152,5.06183,1.31978,-0.0697731
1581151704.540262587,-0.971271,9.1489,2.61301,5.09949,1.31468,-0.0728278
1581151704.580176546,-1.4908,9.17977,2.44277,5.1591,1.38514,-0.0860308
1581151704.586327937,-1.12071,9.24368,2.47506,5.17047,1.34717,-0.0839578
1581151704.593068372,-0.913402,9.37546,2.40243,5.21146,1.33164,-0.0858688
1581151704.599346306,-0.99294,9.44647,2.21652,5.24764,1.34617,-0.0889231
1581151704.606268292,-1.18664,9.49448,2.30198,5.25868,1.36181,-0.0913354
1581151704.612316935,-1.34955,9.40485,2.53966,5.22521,1.36768,-0.0897958
1581151704.620196216,-1.18295,9.31476,2.80849,5.19783,1.34252,-0.0874482
1581151704.626323447,-0.910274,9.23698,3.01115,5.18477,1.30935,-0.0851951
1581151704.632992722,-0.97128,9.28284,2.83976,5.22481,1.32257,-0.0884385
1581151704.639193054,-1.1471,9.27504,2.52992,5.22229,1.33732,-0.0882504
1581151704.645341609,-0.945491,9.24662,2.51608,5.20988,1.31399,-0.0856685
1581151704.685372071,-0.950154,9.3715,2.46223,5.23651,1.31881,-0.0860203
1581151704.692143034,-0.811712,9.35213,2.55118,5.23638,1.3042,-0.0842114
1581151704.698246064,-0.808495,9.43357,2.49936,5.28359,1.31349,-0.0878971
1581151704.704825398,-1.01946,9.44695,2.52941,5.29136,1.33661,-0.0899536
1581151704.711202457,-1.35504,9.49732,2.44085,5.30239,1.37028,-0.0924513
1581151704.718247194,-1.14671,9.37118,2.73179,5.23523,1.3359,-0.0871489
1581151704.724930732,-1.03823,9.38622,2.83403,5.24681,1.32628,-0.0880316
1581151704.731255865,-1.02491,9.43069,2.74741,5.28259,1.33219,-0.0919787
1581151704.737912929,-1.14863,9.5268,2.64202,5.31796,1.34781,-0.0959565
1581151704.744194516,-1.11738,9.4592,2.39178,5.29617,1.33893,-0.0945245
1581151704.751008225,-1.14659,9.49016,2.26527,5.30369,1.34144,-0.0949325
1581151704.790889572,-1.11646,9.34299,2.59271,5.26039,1.32659,-0.0922548
1581151704.797217491,-1.02011,9.6356,2.84116,5.35567,1.32001,-0.0991932
1581151704.803384874,-1.13381,9.70722,2.54729,5.39636,1.33931,-0.103095
1581151704.810184510,-1.0173,9.6716,2.56559,5.38045,1.32547,-0.101025
1581151704.817310906,-1.02499,9.61901,2.52966,5.35298,1.32175,-0.0983349
1581151704.824050938,-1.13689,9.57238,2.38567,5.33366,1.33078,-0.0964019
1581151704.830250062,-1.17006,9.49389,2.4193,5.32179,1.33298,-0.0962695
1581151704.836774212,-1.22401,9.55839,2.32846,5.36133,1.34569,-0.0999242
1581151704.843140998,-1.23572,9.55857,2.45274,5.35953,1.34542,-0.100442
1581151704.849278842,-1.1101,9.5285,2.68707,5.3422,1.32739,-0.0982406
1581151704.856031308,-1.03488,9.52981,2.61286,5.34783,1.32085,-0.0976515
1581151704.896074048,-1.00149,9.87635,2.72542,5.49502,1.32932,-0.113831
1581151704.902423843,-1.15168,9.91895,2.40775,5.52725,1.34845,-0.118351
1581151704.909029578,-1.0884,9.9674,2.31872,5.5473,1.34192,-0.119967
1581151704.916198030,-0.860046,9.90313,2.30325,5.53121,1.31509,-0.118353
1581151704.922857980,-0.889776,9.90601,2.44548,5.54059,1.31708,-0.120174
1581151704.929157076,-1.06209,9.9197,2.55662,5.55454,1.33541,-0.124302
1581151704.935293032,-1.39076,9.9868,2.45068,5.58158,1.37143,-0.129761
1581151704.942206770,-1.31181,10.0201,2.55928,5.58886,1.36209,-0.131091
1581151704.948345053,-0.924849,10.0317,2.73583,5.57904,1.31795,-0.12836
1581151704.955193603,-0.702687,10.076,2.77271,5.59684,1.29692,-0.128814
1581151704.961409588,-0.546092,10.0536,2.90949,5.59052,1.28031,-0.126905
1581151705.001068544,-0.815604,10.1116,2.6731,5.62387,1.31331,-0.130735
1581151705.007557405,-1.2335,10.1606,2.33145,5.63811,1.36221,-0.134875
1581151705.014199028,-1.07189,10.0689,2.3423,5.58425,1.33366,-0.129285
1581151705.021833883,-0.843618,10.0276,2.36186,5.57322,1.30753,-0.128336
1581151705.028159035,-0.82621,9.99974,2.46128,5.57089,1.30406,-0.129163
1581151705.035340410,-0.96961,10.0306,2.52432,5.59473,1.3174,-0.133909
1581151705.041430396,-1.09048,10.0837,2.46009,5.60687,1.32861,-0.136067
1581151705.048082909,-0.808476,10.0371,2.67038,5.57453,1.28945,-0.132615
1581151705.054268848,-0.653957,10.039,2.94298,5.57608,1.26931,-0.132934
1581151705.061088044,-0.590498,10.0119,3.03506,5.57532,1.26063,-0.133783
1581151705.067225768,-0.75781,10.1279,2.88935,5.63297,1.28556,-0.140644
1581151705.157239506,-0.971072,10.218,2.7542,5.63688,1.28196,-0.142962
1581151705.162300945,-0.815411,10.1178,2.93619,5.60288,1.25894,-0.138897
1581151705.169070474,-0.927107,10.1615,2.76405,5.63779,1.27603,-0.141763
1581151705.175771920,-0.797966,10.1346,2.8178,5.62914,1.25759,-0.139599
1581151705.182387812,-0.698222,10.0975,2.94864,5.61497,1.23996,-0.13743
1581151705.189129708,-0.650403,10.1017,2.83089,5.61683,1.23356,-0.136654
1581151705.196116067,-0.677637,10.1389,2.76197,5.63241,1.23547,-0.138726
1581151705.202980104,-0.865878,10.2305,2.67494,5.66867,1.25731,-0.143567
1581151705.209412333,-1.1171,10.2888,2.72047,5.68387,1.2801,-0.147371
1581151705.216250047,-0.974149,10.344,2.80037,5.69635,1.26352,-0.148806
1581151705.222991891,-0.828017,10.3459,2.8115,5.69545,1.24584,-0.149221
1581151705.229915090,-0.924552,10.4203,2.4644,5.73891,1.26055,-0.15403
1581151705.268488989,-1.11533,10.5018,2.88501,5.82129,1.27809,-0.170033
1581151705.275400548,-1.12423,10.47,2.84943,5.81697,1.27824,-0.170791
1581151705.281717267,-0.998222,10.452,2.88307,5.81875,1.26441,-0.170776
1581151705.288143665,-0.887365,10.3478,2.93038,5.80517,1.25031,-0.16978
1581151705.294354102,-0.843762,10.5285,2.78443,5.88859,1.25744,-0.176618
1581151705.300872143,-1.06456,10.6642,2.57609,5.92654,1.28275,-0.179767
1581151705.307157764,-1.04007,10.8461,2.72724,5.96596,1.28066,-0.181434
1581151705.313413555,-0.979682,10.954,2.8798,5.98533,1.27466,-0.180418
1581151705.321146581,-0.788065,10.9852,3.11182,5.98355,1.25238,-0.17692
1581151705.327404400,-0.76893,11.0447,3.24808,6.01152,1.25363,-0.177578
1581151705.335276182,-1.02593,11.0056,3.06005,5.99884,1.27671,-0.1764
1581151705.373921734,-1.22323,10.9064,2.88271,5.97405,1.28838,-0.167255
1581151705.380113352,-1.08749,10.803,3.0266,5.93094,1.26568,-0.162703
1581151705.386893841,-0.759522,10.8063,3.12047,5.9426,1.2324,-0.161681
1581151705.393031682,-0.757066,10.7999,3.11784,5.95693,1.2328,-0.162964
1581151705.399384710,-0.886377,10.8235,2.97439,5.97443,1.24493,-0.165216
1581151705.406104936,-0.847208,10.7646,2.79145,5.9566,1.2358,-0.16396
1581151705.412256569,-0.741826,10.7304,2.74284,5.94943,1.22198,-0.16308
1581151705.420081267,-0.604526,10.7093,3.02005,5.95171,1.20423,-0.163746
1581151705.426060268,-0.742368,10.8018,3.18469,5.99425,1.22163,-0.169804
1581151705.432412044,-0.997853,11.0029,3.07213,6.06422,1.25338,-0.178429
1581151705.438994760,-0.958676,11.1216,3.03536,6.09237,1.24909,-0.181076
1581151705.479278169,-0.922076,11.2387,2.98683,6.18096,1.24755,-0.191
1581151705.485190963,-1.1493,11.2279,3.02818,6.17597,1.26728,-0.191434
1581151705.491408067,-1.0195,11.1996,3.20412,6.17391,1.25072,-0.191312
1581151705.498122181,-0.922659,11.2903,3.13104,6.21908,1.2456,-0.193874
1581151705.504348630,-0.811951,11.3605,2.99823,6.24876,1.23514,-0.195296
1581151705.511124031,-0.628529,11.4318,3.13319,6.27199,1.21756,-0.194663
1581151705.518375975,-0.554261,11.4851,3.03262,6.29366,1.212,-0.194533
1581151705.524510391,-0.575729,11.5598,3.11557,6.32158,1.21739,-0.196738
1581151705.531565555,-0.92076,11.559,3.15404,6.32909,1.25294,-0.199795
1581151705.538283786,-1.05536,11.5949,3.16292,6.34145,1.26767,-0.202158
1581151705.544919656,-0.959014,11.5674,3.33545,6.32839,1.25546,-0.201572
1581151705.589126125,-0.72667,11.7646,3.01194,6.4451,1.24174,-0.217607
1581151705.595327338,-0.934937,11.8569,2.99765,6.47748,1.26441,-0.222644
1581151705.602237394,-0.839065,11.8984,3.09733,6.49192,1.25324,-0.225476
1581151705.608385140,-0.805349,11.9408,3.28965,6.49689,1.24574,-0.227265
1581151705.616112130,-0.690354,11.8981,3.48908,6.47896,1.22899,-0.226338
1581151705.622833058,-0.579125,11.8544,3.48855,6.47523,1.21581,-0.226962
1581151705.629151870,-0.677707,11.7796,3.19215,6.47815,1.22735,-0.228721
1581151705.635362172,-0.670451,11.9018,2.82953,6.5371,1.2352,-0.234143
1581151705.642175064,-0.67582,11.92,2.94198,6.53532,1.23402,-0.233642
1581151705.648248005,-0.813841,12.0225,3.22277,6.55124,1.24916,-0.235471
1581151705.654416824,-0.960161,12.089,3.27805,6.56465,1.26551,-0.236933
1581151705.694263966,-0.537165,11.929,2.9755,6.52463,1.21247,-0.2272
1581151705.700580837,-0.75754,11.9707,2.96428,6.5362,1.23415,-0.229353
1581151705.707158012,-0.976096,11.9337,2.96554,6.50945,1.24936,-0.227798
1581151705.713325522,-0.743469,11.8998,3.32954,6.47665,1.21838,-0.224148
1581151705.721215970,-0.59682,11.9493,3.34114,6.50071,1.20643,-0.226168
1581151705.727259863,-0.480816,12.0072,3.31978,6.52264,1.19732,-0.22769
1581151705.734152054,-0.524416,12.0768,3.25993,6.54496,1.20374,-0.230073
1581151705.740207637,-0.755817,12.0687,2.99349,6.54066,1.224,-0.230546
1581151705.746420636,-0.515002,12.0246,3.04573,6.50968,1.1931,-0.226705
1581151705.753364276,-0.524811,11.9255,3.10706,6.48588,1.19041,-0.225671
1581151705.759992674,-0.617357,11.8618,3.08367,6.48688,1.19995,-0.227966
1581151705.799409441,-0.50732,11.8882,2.97392,6.48642,1.17475,-0.232298
1581151705.806173780,-0.471253,11.8474,3.01454,6.48176,1.16887,-0.233135
1581151705.812145825,-0.453341,11.8204,3.18102,6.46936,1.16419,-0.232342
1581151705.820051865,-0.608877,11.7963,3.24081,6.45646,1.17535,-0.232859
1581151705.826346182,-0.615199,11.8666,3.3506,6.48213,1.17714,-0.235599
1581151705.833004729,-0.608515,11.96,3.30474,6.51337,1.1779,-0.238027
1581151705.839221291,-0.699997,12.0424,3.2218,6.53317,1.1877,-0.239601
1581151705.845373959,-0.614897,12.0399,3.36915,6.51961,1.17486,-0.237541
1581151705.852185065,-0.692232,12.0331,3.15641,6.51959,1.18205,-0.236848
1581151705.858302995,-0.5306,12.0731,2.98126,6.54555,1.16832,-0.238096
1581151705.865105158,-0.615753,12.0553,2.87231,6.55474,1.17742,-0.238861
1581151705.904995932,-0.726616,12.1661,3.10024,6.58628,1.17822,-0.245003
1581151705.911321044,-0.488227,12.0978,3.26893,6.56862,1.14929,-0.243359
1581151705.918361431,-0.23194,12.1871,3.17466,6.62129,1.13102,-0.248033
1581151705.925304260,-0.449869,12.2524,2.97904,6.64907,1.15617,-0.25229
1581151705.931356084,-0.576862,12.3331,3.00465,6.66455,1.16878,-0.255178
1581151705.938043807,-0.751615,12.4041,3.04358,6.68688,1.18767,-0.258016
1581151705.944153689,-0.651611,12.3865,3.24776,6.66665,1.17276,-0.255908
1581151705.950460518,-0.405314,12.415,3.41298,6.6853,1.1478,-0.256082
1581151705.957300709,-0.580054,12.3946,3.21438,6.69325,1.16602,-0.258025
1581151705.964136459,-0.758947,12.4678,2.923,6.72345,1.18409,-0.261323
1581151705.970223576,-0.553723,12.4213,2.80832,6.71273,1.16047,-0.25887
1581151706.009373819,-0.416294,12.4465,3.17811,6.73431,1.13331,-0.257172
1581151706.016452668,-0.214985,12.4547,3.32527,6.7401,1.11019,-0.255465
1581151706.023341730,-0.294978,12.458,3.29748,6.75514,1.1182,-0.256225
1581151706.029888757,-0.375052,12.4616,3.08472,6.76308,1.12581,-0.256835
1581151706.036919333,-0.574154,12.4827,2.85218,6.77213,1.14436,-0.25711
1581151706.043377043,-0.378219,12.4253,3.23828,6.73834,1.11734,-0.253074
1581151706.050077001,-0.42614,12.4202,3.34609,6.73981,1.11949,-0.252428
1581151706.056379521,-0.515697,12.523,3.28968,6.77376,1.12994,-0.254513
1581151706.063137047,-0.473685,12.6038,3.16982,6.79774,1.12511,-0.255787
1581151706.069434573,-0.574779,12.7203,2.9024,6.8196,1.13494,-0.255694
1581151706.109493979,-0.410457,12.6784,2.92641,6.79554,1.11303,-0.252021
1581151706.117021501,-0.435154,12.4395,3.41132,6.76807,1.10968,-0.253098
1581151706.123193541,-0.493098,12.5135,3.22838,6.80143,1.11949,-0.256685
1581151706.129467410,-0.508292,12.5803,3.13718,6.82997,1.12438,-0.259309
1581151706.136023522,-0.570229,12.6703,2.97669,6.8546,1.13192,-0.26165
1581151706.142358219,-0.42534,12.8044,2.90785,6.88906,1.1193,-0.263027
1581151706.148398232,-0.35455,12.778,2.92239,6.87227,1.10752,-0.260539
1581151706.155392500,-0.416113,12.7732,3.03507,6.87992,1.11198,-0.261152
1581151706.161389290,-0.452806,12.7872,3.07303,6.88992,1.11317,-0.261798
1581151706.168118316,-0.380719,12.8814,3.20054,6.92205,1.10419,-0.263669
1581151706.174350060,-0.108382,12.8669,3.45435,6.91065,1.07021,-0.260921
1581151706.215968715,-0.188719,12.7946,3.19577,6.909,1.06045,-0.261339
1581151706.222308594,-0.488395,12.7777,3.10505,6.90492,1.08812,-0.262289
1581151706.228446900,-0.610257,12.7495,3.20026,6.89078,1.09546,-0.261788
1581151706.235260196,-0.519766,12.7444,3.12993,6.90104,1.08544,-0.262379
1581151706.241421463,-0.310703,12.7644,3.33655,6.91349,1.06273,-0.263377
1581151706.249008565,-0.290911,12.8249,3.37727,6.93885,1.05863,-0.265177
1581151706.256155040,-0.350833,12.9403,2.99654,6.97796,1.0662,-0.268294
1581151706.263136696,-0.251162,13.0215,2.90545,7.00083,1.05408,-0.26917
1581151706.269254845,-0.240495,13.0879,2.92935,7.01727,1.05111,-0.270526
1581151706.275434914,-0.204697,13.0424,3.34243,7.00563,1.04169,-0.271459
1581151706.282101971,-0.286866,13.0403,3.64207,7.00925,1.04604,-0.274456
1581151706.321987246,-0.182368,13.0698,3.26693,7.08117,1.02905,-0.292223
1581151706.328379885,-0.544587,13.0592,3.14926,7.08218,1.06271,-0.296235
1581151706.334933171,-0.59196,13.0215,3.20504,7.06962,1.0632,-0.296997
1581151706.341123130,-0.513306,13.0176,3.48468,7.07045,1.05167,-0.297663
1581151706.347377662,-0.239303,13.0958,3.6049,7.09639,1.02272,-0.299087
1581151706.354044205,-0.150951,13.2157,3.44707,7.13798,1.01639,-0.302075
1581151706.361057176,-0.23114,13.3029,3.26455,7.15273,1.02205,-0.303112
1581151706.367249661,-0.357696,13.3809,3.04837,7.16074,1.03268,-0.301825
1581151706.374302032,-0.123323,13.3131,3.35839,7.13135,1.00238,-0.297882
1581151706.381036857,-0.0375349,13.2792,3.45286,7.12709,0.993387,-0.296662
1581151706.387217048,-0.215542,13.2112,3.51792,7.11105,1.011,-0.296885
1581151706.427637918,-0.393435,13.152,3.14323,7.07958,1.02465,-0.296942
1581151706.434077533,-0.396277,13.1649,3.06536,7.08607,1.02481,-0.297978
1581151706.440348539,-0.36925,13.1455,3.19199,7.06885,1.01798,-0.29676
1581151706.446428199,-0.236312,13.0901,3.44771,7.05131,0.999104,-0.295168
1581151706.453233323,-0.306135,13.13,3.36487,7.07197,1.00781,-0.297859
1581151706.459420321,-0.159316,13.1545,3.34624,7.08977,0.992253,-0.299861
1581151706.466194352,-0.100018,13.2523,3.3422,7.12261,0.987392,-0.303011
1581151706.473147582,-0.11784,13.3412,3.4184,7.13761,0.986559,-0.304805
1581151706.479377198,-0.230897,13.4124,3.42497,7.13272,0.994341,-0.304866
1581151706.485485462,-0.278497,13.4116,3.41429,7.12804,0.997706,-0.305674
1581151706.492300523,-0.246924,13.4516,3.32581,7.14405,0.995366,-0.307804
1581151706.498478245,-0.0342355,13.4506,3.30326,7.16087,0.975019,-0.310103
1581151706.538451809,-0.222955,13.2355,3.26457,7.11096,0.978991,-0.313012
1581151706.544478554,-0.188254,13.1821,3.26168,7.10777,0.97306,-0.312155
1581151706.551369120,-0.212236,13.2472,2.91797,7.12611,0.974931,-0.311758
1581151706.558112969,-0.0741853,13.3107,2.96658,7.14366,0.959682,-0.311942
1581151706.571173058,-0.0642294,13.3632,3.11098,7.1576,0.956271,-0.31191
1581151706.577395320,-0.144998,13.4052,3.70082,7.15225,0.957539,-0.31026
1581151706.584096711,-0.244879,13.4737,3.48641,7.16303,0.967977,-0.310422
1581151706.590236095,-0.23294,13.483,3.25317,7.16411,0.965826,-0.309826
1581151706.597160590,-0.186497,13.5205,3.2246,7.17565,0.960074,-0.309506
1581151706.603485687,0.0112509,13.5006,3.17034,7.18505,0.940464,-0.309864
1581151706.610273150,0.13309,13.4861,3.21717,7.18762,0.928467,-0.309192
1581151706.691354930,0.0473926,13.6289,3.10023,7.27596,0.941324,-0.32511
1581151706.698348998,-0.310633,13.7717,3.25389,7.33297,0.972196,-0.338633
1581151706.704418270,0.0561808,13.8039,3.35943,7.33596,0.932447,-0.337634
1581151706.711234811,0.156215,13.7928,3.30384,7.33602,0.921636,-0.337138
1581151706.719127585,-0.0307858,13.7909,3.15795,7.35028,0.940121,-0.338644
1581151706.725443779,-0.0111379,13.7879,3.05477,7.3549,0.936341,-0.338144
1581151706.732269917,-0.0703821,13.7767,2.96721,7.35251,0.941407,-0.33718
1581151706.738495617,0.0977326,13.735,3.34318,7.34024,0.919803,-0.334962
1581151706.745244736,0.0717623,13.6858,3.48017,7.33543,0.920649,-0.334847
1581151706.751988808,0.0796469,13.7488,3.52677,7.35758,0.920322,-0.33637
1581151706.758307653,0.0773096,13.7852,3.42901,7.36491,0.920125,-0.335729
1581151706.765081077,0.148895,13.9341,3.29268,7.39604,0.914336,-0.33536
1581151706.771278555,0.151325,13.9758,3.24327,7.39616,0.913129,-0.333386
1581151706.778234821,0.200813,13.9461,3.38037,7.38198,0.904562,-0.330247
1581151706.784432505,0.0710555,13.9031,3.2796,7.3787,0.918123,-0.330396
1581151706.791215105,0.0575602,13.9051,3.16851,7.38688,0.919819,-0.330787
1581151706.798141633,0.163203,13.9134,3.1595,7.40224,0.909902,-0.331394
1581151706.804492958,0.0554394,13.9202,3.10498,7.40368,0.920781,-0.33097
1581151706.811240152,-0.00849445,13.9361,3.1981,7.40795,0.925668,-0.331687
1581151706.852368277,-0.0116832,13.9413,3.27223,7.41273,0.924484,-0.332909
1581151706.859167613,0.165881,14.1286,3.23327,7.53127,0.905859,-0.345738
1581151706.865318975,0.282005,14.1571,3.37161,7.5455,0.891611,-0.346723
1581151706.872075071,0.246828,14.1706,3.49663,7.55311,0.893611,-0.347437
1581151706.878412363,0.0779437,14.2214,3.3446,7.56272,0.909312,-0.348035
1581151706.885150439,-0.00497755,14.2778,3.2562,7.5739,0.916786,-0.348628
1581151706.891398402,-0.0636915,14.2955,3.14622,7.57337,0.919542,-0.348525
1581151706.898138367,0.094014,14.3005,3.22307,7.5735,0.901482,-0.347206
1581151706.904459765,0.195058,14.2697,3.37291,7.56567,0.887562,-0.344714
1581151706.911242570,0.30417,14.2422,3.36889,7.56472,0.874456,-0.343618
1581151706.919090655,0.162845,14.2527,3.11968,7.57367,0.888116,-0.344163
1581151706.925313760,0.121776,14.231,3.18352,7.5666,0.888691,-0.343565
1581151706.931985010,0.121551,14.2248,3.51337,7.55791,0.883245,-0.342927
1581151706.970721600,0.45069,14.4896,3.3191,7.65657,0.846148,-0.348078
1581151706.977098666,0.410272,14.4538,3.44141,7.66398,0.851365,-0.350002
1581151706.983823536,0.0958135,14.4511,3.42027,7.67581,0.884573,-0.354391
1581151706.990160457,-0.1548,14.5049,3.27482,7.69483,0.909751,-0.357844
1581151706.996253401,0.048963,14.5119,3.46125,7.69534,0.887512,-0.357528
1581151707.003326992,0.198977,14.5962,3.4736,7.72492,0.874113,-0.359556
1581151707.009385347,0.355392,14.613,3.51987,7.73409,0.85934,-0.359846
1581151707.017153664,0.170081,14.7347,3.42625,7.77601,0.880168,-0.364384
1581151707.023371790,0.013265,14.848,3.15012,7.79781,0.896025,-0.367052
1581151707.030276003,0.269433,14.8202,3.2432,7.78935,0.867706,-0.365233
1581151707.037331244,0.424206,14.7068,3.47462,7.77952,0.850554,-0.365246
1581151707.076411874,0.422906,14.7744,3.5829,7.79903,0.834352,-0.364398
1581151707.083175713,0.288572,14.7876,3.35624,7.79958,0.846313,-0.363781
1581151707.089257090,0.248747,14.7758,3.30397,7.79272,0.847498,-0.362628
1581151707.095456314,0.362445,14.7759,3.28748,7.79335,0.833813,-0.361306
1581151707.102282165,0.373328,14.7505,3.39175,7.78097,0.82969,-0.359349
1581151707.108381360,0.391854,14.7001,3.63075,7.76073,0.822118,-0.357253
1581151707.116290031,0.278638,14.6768,3.52818,7.7553,0.831324,-0.356012
1581151707.123041225,0.196629,14.653,3.44961,7.75197,0.835466,-0.356029
1581151707.129398464,0.375408,14.7073,3.49611,7.77911,0.816118,-0.357642
1581151707.135986656,0.313467,14.7885,3.3836,7.79839,0.820679,-0.358662
1581151707.142249575,0.338271,14.844,3.50149,7.80433,0.813953,-0.358503
1581151707.148448393,0.231703,14.885,3.35602,7.82196,0.822209,-0.359697
1581151707.188174763,0.349018,14.87,3.39484,7.82319,0.807365,-0.35888
1581151707.194978102,0.367704,15.0082,3.53608,7.88045,0.791128,-0.362997
1581151707.201188283,0.390377,15.1107,3.51803,7.89667,0.787494,-0.363861
1581151707.208102702,0.287223,15.1169,3.33981,7.88654,0.79552,-0.362473
1581151707.214270219,0.269963,14.9646,3.15862,7.85266,0.793256,-0.36056
1581151707.226114579,0.374483,14.7935,3.44926,7.82359,0.776185,-0.360434
1581151707.232473004,0.405697,14.723,3.73582,7.81151,0.769258,-0.361553
1581151707.238961683,0.409135,14.6763,3.85101,7.79459,0.76459,-0.36129
1581151707.245281891,0.228995,14.7115,3.60215,7.79212,0.779852,-0.362562
1581151707.251427930,0.319229,14.769,3.44126,7.79077,0.767381,-0.362086
1581151707.258178842,0.42568,14.7864,3.50728,7.78134,0.752324,-0.360878
1581151707.264330593,0.647458,14.7573,3.5844,7.77013,0.725574,-0.359108
1581151707.312162276,0.261837,14.805,3.41086,7.76073,0.753639,-0.367975
1581151707.319528067,0.154959,14.8449,3.00035,7.77672,0.764114,-0.3717
1581151707.326132708,0.377563,14.8712,3.15524,7.78929,0.739682,-0.372687
1581151707.336299780,0.602828,14.9461,3.28085,7.83009,0.71777,-0.37598
1581151707.339114167,0.640831,14.9454,3.39902,7.84203,0.71391,-0.378499
1581151707.345212708,0.449771,15.0124,3.51088,7.87069,0.733172,-0.383256
1581151707.351950503,0.299097,15.0329,3.40268,7.87879,0.746788,-0.385472
1581151707.358145118,0.44144,15.0277,3.58475,7.88104,0.730095,-0.385246
1581151707.364475841,0.677795,15.1101,3.72597,7.91644,0.706755,-0.387039
1581151707.371856620,0.805963,15.1411,3.78839,7.93786,0.695075,-0.388343
1581151707.411393819,0.607151,15.1503,3.62995,7.93895,0.712922,-0.389295
1581151707.419178896,0.402707,15.033,3.51511,7.87859,0.712095,-0.383424
1581151707.425365055,0.353723,14.9721,3.48107,7.85461,0.712584,-0.380564
1581151707.431509401,0.569377,14.9436,3.53125,7.84356,0.687191,-0.377482
1581151707.438200324,0.713693,14.9043,3.5653,7.83646,0.670861,-0.375785
1581151707.444248719,0.550254,14.9143,3.4108,7.83839,0.682978,-0.375843
1581151707.451069330,0.571792,14.9024,3.46243,7.83003,0.676168,-0.374473
1581151707.457388649,0.702268,14.9281,3.50394,7.83494,0.660593,-0.373894
1581151707.464040320,0.652776,14.936,3.4368,7.83187,0.662362,-0.372478
1581151707.470143819,0.726371,14.9103,3.62867,7.82561,0.651856,-0.371768
1581151707.476316422,0.601472,14.9042,3.61602,7.8318,0.661971,-0.373003
1581151707.520512823,0.522822,14.9459,3.60654,7.84456,0.666879,-0.374725
1581151707.526461408,0.708011,15.1882,3.64769,7.94629,0.642064,-0.384921
1581151707.533244303,0.627289,15.2003,3.57624,7.95755,0.649833,-0.38674
1581151707.539392030,0.504077,15.2753,3.51721,7.97361,0.66155,-0.388646
1581151707.546250857,0.434495,15.3054,3.51463,7.98838,0.665815,-0.389705
1581151707.552364226,0.59567,15.3079,3.52348,8.00067,0.646385,-0.389459
1581151707.559200346,0.791286,15.2842,3.68944,8.00898,0.624741,-0.38894
1581151707.565441288,0.793633,15.3368,3.71719,8.02952,0.623366,-0.390289
1581151707.571544211,0.707783,15.3884,3.45217,8.04239,0.63064,-0.389761
1581151707.578333587,0.690657,15.3874,3.4568,8.03534,0.62951,-0.387593
1581151707.585040912,0.71423,15.5192,3.49205,8.05613,0.624689,-0.38691
1581151707.625152252,0.763021,15.1438,3.69435,7.95441,0.604089,-0.377004
1581151707.631339973,0.69878,15.142,3.62187,7.95211,0.608305,-0.377195
1581151707.637518123,0.653814,15.1955,3.46866,7.96441,0.611009,-0.378601
1581151707.644426563,0.580174,15.2616,3.13377,7.98045,0.616211,-0.379948
1581151707.651032092,0.687586,15.2652,3.42546,7.98244,0.600606,-0.380422
1581151707.657314934,0.732102,15.2587,3.67396,7.98741,0.591654,-0.381895
1581151707.663497282,0.789644,15.2505,3.83579,8.00147,0.582882,-0.384501
1581151707.670138081,0.859591,15.3127,3.84496,8.03635,0.57381,-0.388183
1581151707.676455078,0.750672,15.4571,3.60184,8.08379,0.585149,-0.393562
1581151707.682966556,0.724192,15.6116,3.5962,8.1208,0.585876,-0.397517
1581151707.689386676,0.871928,15.7036,3.878,8.14256,0.569148,-0.399521
1581151707.695529135,0.861703,15.7624,3.83654,8.1706,0.570119,-0.402912
1581151707.735674213,0.645126,15.8817,3.85146,8.28315,0.587942,-0.421166
1581151707.742092910,0.660919,15.8892,3.67421,8.28763,0.584871,-0.421457
1581151707.748289974,0.709818,15.933,3.69691,8.30433,0.579102,-0.42192
1581151707.754449367,0.771683,15.9145,3.77088,8.29822,0.567913,-0.419409
1581151707.761250395,0.870406,15.9098,3.90934,8.29682,0.554176,-0.417055
1581151707.767496691,0.956328,15.9264,3.78824,8.30573,0.544308,-0.414925
1581151707.774409619,0.947531,15.916,3.724,8.30218,0.544135,-0.412787
1581151707.780417098,0.908306,15.967,3.87221,8.30303,0.543325,-0.411018
1581151707.787256909,0.824861,16.0256,3.83998,8.30025,0.54882,-0.409165
1581151707.793335466,0.705398,15.9703,3.86437,8.26258,0.55573,-0.404595
1581151707.800055029,0.790357,15.8856,3.88727,8.23558,0.543246,-0.400773
1581151707.839688795,0.75797,15.756,3.62937,8.17446,0.529584,-0.392044
1581151707.846302209,0.804834,15.681,3.72261,8.16436,0.521775,-0.392714
1581151707.852378291,0.939884,15.6198,3.93307,8.15962,0.504344,-0.393543
1581151707.859113760,0.90206,15.6219,3.77314,8.16644,0.507068,-0.394813
1581151707.865370649,0.862258,15.6802,3.54057,8.17789,0.509826,-0.396156
1581151707.871964265,0.907413,15.6818,3.50137,8.18041,0.50369,-0.397407
1581151707.878231638,0.874354,15.7534,3.51029,8.19503,0.505256,-0.399737
1581151707.884538629,1.14881,15.8112,3.76694,8.21406,0.474933,-0.401875
1581151707.891067842,1.0853,15.8735,3.78427,8.22041,0.480721,-0.403238
1581151707.897433420,0.979214,15.8457,3.61396,8.20829,0.490747,-0.403624
1581151707.904068190,0.942587,15.8198,3.6644,8.195,0.493573,-0.403421
1581151707.910395234,0.902836,15.7315,3.73855,8.17514,0.494751,-0.402975
1581151707.950164391,1.08458,15.572,3.62347,8.09309,0.465129,-0.395104
1581151707.956322886,1.15563,15.5756,3.60372,8.09157,0.455145,-0.394362
1581151707.962542005,1.12337,15.555,3.61753,8.0784,0.452765,-0.393417
1581151707.969168208,0.826294,15.5683,3.4429,8.05986,0.47719,-0.392807
1581151707.975501454,0.972338,15.5646,3.49939,8.05146,0.454985,-0.392508
1581151707.982272648,1.14666,15.5802,3.61519,8.06062,0.433218,-0.392599
1581151707.988184357,1.38274,15.6028,3.71787,8.07537,0.406264,-0.393856
1581151707.994438183,1.35501,15.5943,3.73099,8.07577,0.406457,-0.395948
1581151708.001454562,1.11839,15.6184,3.64746,8.07954,0.427085,-0.398821
1581151708.008142842,0.929408,15.6445,3.46962,8.08219,0.442533,-0.401197
1581151708.048009112,1.09407,15.8634,3.81196,8.1835,0.410324,-0.418682
1581151708.054308463,1.12389,15.8451,3.83902,8.19121,0.405977,-0.420726
1581151708.060918346,1.21591,15.8731,3.83533,8.21299,0.393983,-0.422918
1581151708.067125168,1.08354,15.8847,3.77525,8.2168,0.404687,-0.423706
1581151708.073478923,1.03046,15.9668,3.71136,8.22801,0.40744,-0.42422
1581151708.079577361,1.18687,16.0155,3.61551,8.23717,0.389116,-0.423198
1581151708.086337816,1.31996,16.0061,3.73745,8.24087,0.373807,-0.421837
1581151708.092516346,1.35731,15.949,3.65746,8.22908,0.366979,-0.420141
1581151708.099286917,1.25095,15.8796,3.69499,8.20583,0.37483,-0.418387
1581151708.106072381,1.03177,15.8077,3.79948,8.17323,0.392262,-0.415551
1581151708.112243162,0.951425,15.8068,3.77156,8.16257,0.396523,-0.41377
1581151708.159410356,1.14064,15.825,3.84887,8.15933,0.371256,-0.410885
1581151708.166040037,1.08222,15.7628,3.8561,8.12555,0.354314,-0.400799
1581151708.172371823,1.08269,15.7442,3.8692,8.12172,0.350946,-0.399735
1581151708.178957947,1.24376,15.811,3.88002,8.14757,0.331666,-0.400104
1581151708.185361978,1.33022,15.8522,3.66563,8.17129,0.321833,-0.400881
1581151708.192083534,1.26046,15.8883,3.58426,8.18304,0.326345,-0.402176
1581151708.198310834,1.22086,15.8973,3.50259,8.18617,0.327889,-0.40294
1581151708.205185886,1.23313,15.906,3.76392,8.1936,0.323213,-0.404414
1581151708.211326340,1.31771,15.9044,4.00792,8.20432,0.312489,-0.405574
1581151708.218277296,1.41269,15.9561,4.15098,8.22431,0.301873,-0.407623
1581151708.225004718,1.2348,15.9753,3.99074,8.23234,0.318106,-0.409199
1581151708.231513160,1.15362,16.0229,3.96348,8.24153,0.323454,-0.410512
1581151708.272622924,1.38536,16.0937,3.77361,8.26292,0.284765,-0.40611
1581151708.279426909,1.41362,16.1034,3.90958,8.26123,0.279478,-0.404624
1581151708.285544339,1.26088,16.0306,4.01119,8.23991,0.291555,-0.403251
1581151708.292218948,1.10574,16.0417,3.84284,8.23298,0.303767,-0.40324
1581151708.298430130,1.13076,16.0566,3.67802,8.23558,0.296291,-0.402275
1581151708.305040971,1.47534,16.1177,3.79882,8.26412,0.259236,-0.402436
1581151708.311352032,1.64721,16.1459,3.92724,8.28328,0.239979,-0.402926
1581151708.318451853,1.53864,16.1679,4.02606,8.28646,0.247514,-0.404192
1581151708.325214008,1.26246,16.1299,3.9377,8.27417,0.272783,-0.405448
1581151708.334205663,1.10783,16.173,3.81948,8.2832,0.284627,-0.407182
1581151708.378404360,1.47286,16.4242,4.03964,8.40228,0.230867,-0.418225
1581151708.385304060,1.42461,16.4116,4.00986,8.40686,0.234389,-0.419324
1581151708.391526994,1.27244,16.4074,3.85331,8.40358,0.247069,-0.419562
1581151708.398287214,1.26647,16.4284,3.84529,8.41085,0.24368,-0.419436
1581151708.404473955,1.50341,16.478,3.84307,8.42688,0.215708,-0.418219
1581151708.411316076,1.6879,16.5131,3.98836,8.43721,0.194445,-0.417109
1581151708.418518410,1.63165,16.4655,3.96157,8.4227,0.19735,-0.414576
1581151708.425414277,1.42358,16.4223,3.86287,8.39802,0.216703,-0.411761
1581151708.432071219,1.34934,16.3515,4.18729,8.36714,0.219155,-0.408752
1581151708.438239958,1.31125,16.3494,4.05689,8.35543,0.219727,-0.406782
1581151708.444588788,1.52897,16.3675,4.12117,8.35724,0.192808,-0.404444
1581151708.484005182,1.43711,16.1828,4.02085,8.27431,0.188082,-0.397184
1581151708.490290762,1.33006,16.1523,3.91418,8.26144,0.19748,-0.396922
1581151708.497205949,1.48097,16.143,3.98979,8.25874,0.178071,-0.396788
1581151708.503470693,1.63005,16.164,3.9145,8.27265,0.161535,-0.397932
1581151708.510132262,1.66137,16.1919,3.71588,8.28156,0.157452,-0.398702
1581151708.518055943,1.64158,16.1657,3.56194,8.27821,0.157091,-0.399324
1581151708.524452211,1.6649,16.1529,3.57281,8.2755,0.152176,-0.399878
1581151708.531057188,1.70563,16.122,3.87064,8.2671,0.145454,-0.400393
1581151708.537384503,1.72528,16.1451,4.04517,8.26623,0.141772,-0.40118
1581151708.543595624,1.63379,16.1612,3.93839,8.25352,0.1513,-0.40135
1581151708.550218526,1.5122,16.1798,3.82333,8.2356,0.161114,-0.400457
