timestamp,va1,va2,va3,va4,va5,va6,va7
1581135938.703658109,-0.00951497,-0.0544874,-0.00010572,-0.0842765,-0.122091,-0.0270323,0.125272
1581135938.710533693,-0.00802177,-0.0503008,-2.63593e-05,-0.0736192,-0.104366,-0.0228089,0.112226
1581135938.753982616,-0.012379,-0.0693666,5.90469e-05,-0.095031,-0.135014,-0.0291591,0.148028
1581135938.760675968,-0.0143173,-0.0793789,-0.000130506,-0.106942,-0.149929,-0.0221937,0.161228
1581135938.767550787,-0.0132734,-0.0731239,-8.56326e-05,-0.0984377,-0.134358,-0.0190453,0.15047
1581135938.773878132,-0.013413,-0.0761028,0.000108027,-0.102047,-0.141814,-0.0198764,0.152341
1581135938.780773855,-0.0125572,-0.071584,0.000278467,-0.098465,-0.135002,-0.0195886,0.149721
1581135938.788667593,-0.00944995,-0.057777,6.5788e-05,-0.0798845,-0.107576,-0.0166793,0.116821
1581135938.794844934,-0.0131416,-0.0812615,-0.000158428,-0.112491,-0.1542,-0.0248309,0.168033
1581135938.801665721,-0.0100803,-0.0624248,-6.5409e-05,-0.0908626,-0.121285,-0.0208986,0.130427
1581135938.807967534,-0.0111193,-0.0679892,0.000116588,-0.101562,-0.132714,-0.0260228,0.148236
1581135938.815016381,-0.0108692,-0.0644302,-0.000138021,-0.094148,-0.126386,-0.0263708,0.140601
1581135938.821616575,-0.0101685,-0.0608986,-8.41942e-05,-0.0877557,-0.119485,-0.0239759,0.13263
1581135938.829396204,-0.0114383,-0.066409,-0.000132188,-0.0979215,-0.129758,-0.0259961,0.144565
1581135938.879140254,-0.0119431,-0.061249,2.59736e-05,-0.0929957,-0.12598,-0.0249452,0.14103
1581135938.885901122,-0.0103846,-0.056782,-2.77671e-05,-0.0856496,-0.115833,-0.0322829,0.124485
1581135938.893554211,-0.0114675,-0.0642182,0,-0.0944894,-0.128133,-0.036848,0.141294
1581135938.900378357,-0.0116151,-0.0643482,-3.54346e-05,-0.095499,-0.131081,-0.034677,0.138867
1581135938.906705531,-0.0109656,-0.0594425,4.79583e-05,-0.0882331,-0.1189,-0.0245119,0.132911
1581135938.913509027,-0.0120133,-0.0628278,8.71131e-05,-0.0928218,-0.123035,-0.0230508,0.138279
1581135938.919809058,-0.0119776,-0.0648973,0,-0.0944558,-0.126688,-0.0200721,0.143962
1581135938.926878446,-0.0119439,-0.0635498,-0.000128234,-0.0928154,-0.121542,-0.0181339,0.136615
1581135938.967717318,-0.0120142,-0.0624821,1.04427e-05,-0.0926796,-0.119223,-0.0203181,0.1349
1581135938.973741319,-0.0115374,-0.0643101,4.40266e-05,-0.0957782,-0.122046,-0.031653,0.137604
1581135938.980609560,-0.0101731,-0.0601088,-0.000115045,-0.0887009,-0.113648,-0.0293496,0.127495
1581135939.024608073,-0.0026726,-0.01579,9.60325e-06,-0.0232768,-0.0292592,-0.00751291,0.0329602
1581135939.031572450,-0.0604346,-0.346744,9.89951e-05,-0.508951,-0.642498,-0.134175,0.712908
1581135939.037721879,-0.0136561,-0.0690314,9.49775e-06,-0.103452,-0.127815,-0.0285002,0.144848
1581135939.044537854,-0.0108364,-0.0560322,-5.31211e-05,-0.0824502,-0.101862,-0.0248245,0.112861
1581135939.050891147,-0.0129697,-0.0661578,-4.45292e-05,-0.0958472,-0.120105,-0.0303487,0.132788
1581135939.057668452,-0.0115987,-0.0580215,-3.73073e-05,-0.0867106,-0.110005,-0.0254071,0.12118
1581135939.064030022,-0.0127528,-0.0653817,-7.18887e-05,-0.0962976,-0.122111,-0.0255146,0.133424
1581135939.070857983,-0.0123104,-0.0633724,-2.58812e-05,-0.0923498,-0.115392,-0.022723,0.132784
1581135939.077419224,-0.0111273,-0.0598779,7.55585e-05,-0.0879513,-0.107563,-0.0190431,0.120823
1581135939.116895307,-0.0123542,-0.0631925,3.0124e-06,-0.0926379,-0.114216,-0.0190591,0.128668
1581135939.122773659,-0.0137197,-0.0699695,-3.86152e-05,-0.102989,-0.126071,-0.0324793,0.142787
1581135939.129391999,-0.0111838,-0.0560814,-9.03769e-06,-0.082204,-0.100995,-0.0274043,0.116983
1581135939.172836724,-0.0110176,-0.0626393,0,-0.0913114,-0.112192,-0.0270967,0.121933
1581135939.179408574,-0.01022,-0.0652385,-7.94324e-05,-0.0946099,-0.110637,-0.0204753,0.126408
1581135939.185853967,-0.00951703,-0.0628332,-8.67842e-06,-0.0932078,-0.108008,-0.0215522,0.119614
1581135939.193754287,-0.00882182,-0.0582419,2.43256e-05,-0.0864669,-0.102956,-0.0213572,0.115876
1581135939.200466307,-0.00935894,-0.0627941,0.000173148,-0.09107,-0.110278,-0.0246657,0.121034
1581135939.207405406,-0.00963142,-0.065304,2.63402e-05,-0.094488,-0.111398,-0.0270944,0.122197
1581135939.213730851,-0.00985324,-0.063884,-9.63351e-05,-0.0940831,-0.110735,-0.0274402,0.12472
1581135939.220606903,-0.00974313,-0.0589921,4.76276e-05,-0.0864023,-0.103957,-0.0253721,0.113308
1581135939.226911303,-0.0112176,-0.0641451,9.7383e-05,-0.0946284,-0.110438,-0.0280574,0.127449
1581135939.234622141,-0.0108729,-0.0600881,7.38004e-05,-0.0878362,-0.0986993,-0.024501,0.115715
1581135939.240851275,-0.0121844,-0.0671317,-0.000162464,-0.0957515,-0.107815,-0.0221756,0.126213
1581135939.283755469,-0.00191451,-0.010321,-1.27827e-05,-0.0151712,-0.017034,-0.00310043,0.0200527
1581135939.291065379,-0.0633994,-0.341488,9.92151e-05,-0.491099,-0.568252,-0.110466,0.655959
1581135939.298093643,-0.0124223,-0.0632646,7.80212e-05,-0.0912733,-0.10397,-0.0301239,0.120522
1581135939.304628431,-0.0117467,-0.0596702,-9.55765e-05,-0.0860119,-0.0954112,-0.0283106,0.115125
1581135939.310828306,-0.0125634,-0.0638044,-6.98855e-05,-0.091465,-0.103862,-0.0286478,0.122943
1581135939.317901725,-0.0107826,-0.0543148,-0.000104774,-0.0790756,-0.0895161,-0.0234686,0.100231
1581135939.324553566,-0.0134873,-0.0695398,9.5127e-06,-0.0993888,-0.11399,-0.0300394,0.133378
1581135939.334170791,-0.0126013,-0.0640668,-2.60725e-05,-0.0901124,-0.103091,-0.0241858,0.119139
1581135939.337560534,-0.0114314,-0.0581293,0,-0.0844281,-0.0959672,-0.0216356,0.109424
1581135939.344475702,-0.0122679,-0.0631728,6.08149e-05,-0.0901414,-0.107026,-0.0230067,0.119273
1581135939.350674311,-0.0122448,-0.0656208,5.40624e-05,-0.0939396,-0.110428,-0.0235975,0.118069
1581135939.357479742,-0.0118034,-0.069018,8.40456e-05,-0.0984891,-0.112222,-0.0250635,0.127204
1581135939.433911324,-0.010425,-0.0618277,-7.88254e-06,-0.0888057,-0.0992952,-0.0210068,0.111864
1581135939.440541114,-0.0122162,-0.0625561,2.60297e-05,-0.089444,-0.101645,-0.0208231,0.112566
1581135939.446824400,-0.0128445,-0.0654735,4.49956e-05,-0.0942408,-0.105737,-0.0278492,0.118616
1581135939.453588221,-0.0131736,-0.0697901,-4.65728e-05,-0.0983733,-0.107953,-0.0309868,0.12078
1581135939.460583471,-0.0105641,-0.0564779,-0.000106532,-0.0795946,-0.0881488,-0.0262682,0.101326
1581135939.466930483,-0.0121203,-0.0636033,0,-0.0918405,-0.101821,-0.0312738,0.113935
1581135939.473837795,-0.0102672,-0.0530546,0.000130189,-0.0780587,-0.0870674,-0.0267573,0.0942797
1581135939.480546359,-0.0134317,-0.0684864,-9.48019e-06,-0.0982808,-0.109153,-0.0322133,0.123494
1581135939.488630052,-0.0106507,-0.0568647,3.80031e-05,-0.0793293,-0.0839651,-0.0238254,0.0947846
1581135939.494902222,-0.0138868,-0.0734229,-0.000123274,-0.106568,-0.110545,-0.0223492,0.127156
1581135939.501784043,-0.0125952,-0.0665335,-0.000147851,-0.0965106,-0.103304,-0.0183337,0.119409
1581135939.545899909,-0.00993319,-0.0567067,3.14985e-05,-0.081765,-0.087354,-0.0183709,0.0979323
1581135939.552577942,-0.0139773,-0.0904872,0,-0.127882,-0.131386,-0.0369337,0.154185
1581135939.558900752,-0.0101379,-0.0688851,-0.00016078,-0.0983721,-0.100229,-0.0298275,0.119225
1581135939.565468860,-0.00782759,-0.054909,-2.67303e-05,-0.0790336,-0.0820345,-0.0239909,0.0937794
1581135939.571923609,-0.00901227,-0.0630244,0.000166894,-0.0912294,-0.0950627,-0.026905,0.112188
1581135939.578632952,-0.00819854,-0.0596491,8.57839e-05,-0.0850837,-0.0879646,-0.0246719,0.102863
1581135939.585301677,-0.00897021,-0.0641269,-7.90578e-05,-0.0913889,-0.0931285,-0.0233261,0.107976
1581135939.592779038,-0.00873562,-0.060077,-3.30068e-05,-0.0853847,-0.0864356,-0.0196489,0.103433
1581135939.599597836,-0.0093481,-0.0623062,2.60885e-05,-0.0910722,-0.0934428,-0.0196788,0.106673
1581135939.605891620,-0.0101482,-0.0647851,4.44776e-05,-0.092695,-0.0970816,-0.0211681,0.110643
1581135939.612655806,-0.00969254,-0.0583618,3.75634e-05,-0.0835042,-0.0864664,-0.0190845,0.100504
1581135939.619587026,-0.0114567,-0.0622356,-1.73513e-05,-0.0902399,-0.0916258,-0.0208146,0.105443
1581135939.629552063,-0.0122752,-0.0627637,0,-0.0902354,-0.0896913,-0.0242157,0.108183
1581135939.635781956,-0.0136417,-0.067773,7.57956e-05,-0.0970459,-0.1001,-0.0280982,0.116116
1581135939.642704604,-0.0107777,-0.0533477,0,-0.0760969,-0.0779776,-0.0205765,0.0924911
1581135939.649525743,-0.012707,-0.0634733,-0.000176727,-0.0922277,-0.0935973,-0.0244862,0.110139
1581135939.655962350,-0.0128592,-0.0634433,-4.44099e-05,-0.091142,-0.0926996,-0.0250434,0.108051
1581135939.662641661,-0.0115,-0.0575843,6.54968e-05,-0.0817726,-0.0832118,-0.023,0.100824
1581135939.669498152,-0.0122452,-0.0630885,1.74119e-05,-0.0904161,-0.0925727,-0.0222276,0.106917
1581135939.675792577,-0.0137772,-0.0707524,-4.8112e-05,-0.0995094,-0.103629,-0.0218973,0.113777
1581135939.716850055,-0.0118046,-0.0610455,-1.32096e-05,-0.0864893,-0.0876925,-0.0212051,0.0984979
1581135939.724034684,-0.0119989,-0.0631813,0,-0.0913632,-0.0915907,-0.0323192,0.106377
1581135939.730634853,-0.0121173,-0.0664555,0.000148127,-0.0948743,-0.0937098,-0.0341026,0.105816
1581135939.737447375,-0.00973605,-0.0561579,-1.77887e-05,-0.0782262,-0.077931,-0.0257672,0.0876866
1581135939.779523717,-0.00988703,-0.0620915,-1.27817e-05,-0.0862055,-0.0875921,-0.0171809,0.10037
1581135939.787615914,-0.0100822,-0.0634556,4.42267e-05,-0.088493,-0.0908455,-0.0163879,0.104563
1581135939.794142029,-0.0101003,-0.0614967,0.000151652,-0.0874452,-0.0888465,-0.0219674,0.100207
1581135939.800860939,-0.0105006,-0.0638181,-8.65888e-06,-0.08877,-0.088219,-0.026884,0.102606
1581135939.807692534,-0.0105506,-0.0596547,-8.486e-05,-0.0828208,-0.0827001,-0.0280878,0.0932583
1581135939.814471167,-0.0122632,-0.0640086,-2.64871e-05,-0.089612,-0.0915226,-0.030318,0.101875
1581135939.821409571,-0.0123524,-0.0611077,8.60767e-05,-0.0878267,-0.0888614,-0.0298781,0.101212
1581135939.827632975,-0.012112,-0.0587503,6.70191e-05,-0.0831466,-0.0837824,-0.0279773,0.0939086
1581135939.834822984,-0.0130694,-0.0659954,-6.32442e-05,-0.0924821,-0.088464,-0.0280206,0.105449
1581135939.841542851,-0.0117441,-0.0589379,-0.000160888,-0.0834102,-0.0786596,-0.0188889,0.0964508
1581135939.847878491,-0.0123521,-0.0619812,-0.000211892,-0.090535,-0.0868938,-0.018197,0.101563
1581135939.894812859,-0.0111845,-0.0604969,5.36053e-05,-0.0866387,-0.0838357,-0.0190237,0.0983057
1581135939.901093867,-0.0117348,-0.0673952,-0.000187751,-0.0949109,-0.0888463,-0.0275345,0.106984
1581135939.907813014,-0.00930467,-0.0547862,-0.000106851,-0.0774291,-0.0712889,-0.0223312,0.083279
1581135939.913872945,-0.0114512,-0.0672626,-2.87006e-05,-0.0972921,-0.0896963,-0.0280683,0.104811
1581135939.920868656,-0.00866485,-0.0526087,0,-0.0765963,-0.0710501,-0.0223297,0.0859505
1581135939.927351382,-0.0106037,-0.0639986,0.000161346,-0.0894366,-0.0874683,-0.027168,0.0983194
1581135939.933725828,-0.0107073,-0.0664654,0.000186695,-0.0940691,-0.0893325,-0.0238603,0.100781
1581135939.940412636,-0.00963249,-0.0594523,-0.000107236,-0.0851714,-0.0791033,-0.0194989,0.0947844
1581135939.946745895,-0.00858246,-0.0550046,-8.93212e-05,-0.0778762,-0.0708174,-0.0180669,0.0856013
1581135939.953631327,-0.0094638,-0.0612246,9.52523e-05,-0.0873128,-0.0797557,-0.0197502,0.0944042
1581135939.959836661,-0.0101359,-0.0694797,9.61628e-05,-0.0974447,-0.0907343,-0.0216661,0.108571
1581135940.000733560,-0.00947871,-0.0608736,-2.38794e-05,-0.086068,-0.0799943,-0.0219677,0.0941991
1581135940.043651935,-0.0120303,-0.0603078,-5.62426e-06,-0.0849929,-0.0783262,-0.0205549,0.0920958
1581135940.049862641,-0.012696,-0.0618053,8.67782e-05,-0.0876052,-0.0825876,-0.0188314,0.0915104
1581135940.056525274,-0.0113778,-0.0589764,-3.79529e-05,-0.0821969,-0.0761275,-0.0190547,0.0818838
1581135940.063490778,-0.0122181,-0.0636586,-6.1366e-05,-0.088647,-0.0809866,-0.0210881,0.0923633
1581135940.069725821,-0.0114025,-0.0584833,-3.81948e-05,-0.0829978,-0.0748861,-0.0216686,0.0872379
1581135940.076520916,-0.0121025,-0.0629543,3.57753e-05,-0.0900574,-0.0809622,-0.025493,0.090442
1581135940.082818334,-0.012132,-0.0621875,0.000176605,-0.0878731,-0.0810778,-0.0257386,0.0910606
1581135940.090650535,-0.0108535,-0.0590604,6.4983e-05,-0.0803206,-0.0750644,-0.0231205,0.0877214
1581135940.097528589,-0.0115957,-0.0625352,-0.000277739,-0.0880006,-0.079184,-0.0249186,0.0899535
1581135940.103838263,-0.0124551,-0.0679778,-0.000105058,-0.0958872,-0.0862383,-0.0279381,0.097893
1581135940.110676278,-0.00986302,-0.0524334,0.000157657,-0.0742442,-0.0672577,-0.0209348,0.0796925
1581135940.152974427,-0.00181821,-0.00986113,9.78487e-06,-0.0138763,-0.0125757,-0.00354979,0.0146002
1581135940.159955481,-0.0657884,-0.377993,4.27329e-05,-0.526504,-0.470955,-0.12249,0.550388
1581135940.165851265,-0.0112756,-0.0694326,-0.000184687,-0.0978938,-0.0879499,-0.02642,0.102715
1581135940.172801952,-0.00867454,-0.0520559,0,-0.0745474,-0.0669861,-0.0205176,0.0809624
1581135940.179473690,-0.0111183,-0.0680986,0.000135955,-0.0955982,-0.0875328,-0.0257033,0.107455
1581135940.185794337,-0.0090743,-0.054401,0.000134488,-0.0762708,-0.0682044,-0.0196191,0.081346
1581135940.193639234,-0.011158,-0.0670864,-0.000154858,-0.0925647,-0.0823782,-0.0236771,0.0982781
1581135940.199831696,-0.00973287,-0.0541297,-0.00017744,-0.0752013,-0.0677273,-0.0201312,0.0811546
1581135940.206852339,-0.0116811,-0.0619581,0.000132243,-0.0869336,-0.0795547,-0.0203647,0.0923554
1581135940.212832564,-0.0114558,-0.0585668,0.000144145,-0.0818724,-0.0704109,-0.0173182,0.08588
1581135940.219616998,-0.0126447,-0.0636603,-8.90588e-06,-0.0880319,-0.0744819,-0.0193815,0.0949469
1581135940.260115223,-0.01164,-0.0620198,-3.71601e-05,-0.0859255,-0.0737133,-0.0211157,0.0879753
1581135940.303749618,-0.0100224,-0.0595004,2.36919e-05,-0.0829594,-0.0720499,-0.0206385,0.0846414
1581135940.309761049,-0.0105105,-0.0635535,0,-0.0878667,-0.0752613,-0.0152303,0.0930416
1581135940.316821468,-0.0101725,-0.061419,-3.41188e-05,-0.0836314,-0.0714483,-0.0148026,0.0860531
1581135940.323579927,-0.00971128,-0.0583914,-4.75942e-05,-0.080337,-0.068413,-0.0131959,0.0786327
1581135940.334379927,-0.0107797,-0.0620051,-2.63785e-05,-0.0868616,-0.0742794,-0.0158002,0.0880838
1581135940.336818168,-0.0114105,-0.0679295,0.000104762,-0.0933792,-0.0820183,-0.0224209,0.0949984
1581135940.343338073,-0.00931153,-0.0551207,0.000133662,-0.0742071,-0.0648831,-0.0216526,0.0727546
1581135940.349797337,-0.0104308,-0.063089,-2.60778e-05,-0.0859498,-0.0730296,-0.0261987,0.0837941
1581135940.356454694,-0.00986389,-0.0589923,-0.00019097,-0.081728,-0.0672234,-0.0256194,0.08359
1581135940.363532483,-0.0100651,-0.060588,-4.29828e-05,-0.0842937,-0.0695184,-0.0279346,0.0849727
1581135940.370405680,-0.010209,-0.0622555,0.00013179,-0.0861439,-0.0722677,-0.0278683,0.0823572
1581135940.413800166,-0.0069134,-0.0431682,1.80199e-05,-0.0595598,-0.0506943,-0.0181214,0.0593075
1581135940.420875762,-0.0114563,-0.0655282,-4.47468e-06,-0.0894626,-0.0752058,-0.017324,0.0902367
1581135940.427739481,-0.0124915,-0.0603799,-1.71762e-05,-0.0838605,-0.0706874,-0.015814,0.0847878
1581135940.434457772,-0.012679,-0.0609971,0.000130805,-0.0839484,-0.0717141,-0.0212509,0.0852912
1581135940.440775513,-0.0113057,-0.0580552,-9.53521e-06,-0.0786536,-0.0662507,-0.0236514,0.0779666
1581135940.447733284,-0.0119316,-0.0628188,-0.00016321,-0.0849639,-0.0689951,-0.0275053,0.0843283
1581135940.454431744,-0.0120929,-0.0638137,-0.000187562,-0.0877583,-0.0714499,-0.0289997,0.0873385
1581135940.494727936,-0.00198149,-0.0105519,1.49799e-06,-0.0145209,-0.0121443,-0.00491026,0.014362
1581135940.501084779,-0.0628693,-0.350638,0.000173323,-0.482382,-0.404706,-0.103606,0.483534
1581135940.507912349,-0.00904164,-0.0563027,0,-0.0779504,-0.0636741,-0.0110758,0.0757296
1581135940.514360202,-0.0102401,-0.0641611,-9.81278e-05,-0.087567,-0.072016,-0.0128893,0.0843291
1581135940.520938910,-0.00984873,-0.0619921,-0.000200279,-0.0861133,-0.0707506,-0.0166758,0.0848941
1581135940.564729900,-0.00954047,-0.0600305,5.42222e-05,-0.0830099,-0.0674501,-0.0258477,0.0778907
1581135940.570906492,-0.00924744,-0.0616845,3.49406e-05,-0.0844931,-0.0689777,-0.0234635,0.0819171
1581135940.577873687,-0.00806982,-0.0566642,-6.46457e-05,-0.0753614,-0.062254,-0.0173769,0.0734409
1581135940.584448547,-0.00902409,-0.0635281,-8.98786e-05,-0.0871399,-0.0709559,-0.015891,0.0785113
1581135940.592540037,-0.0084783,-0.0614998,-6.03902e-05,-0.0847302,-0.0687445,-0.0139367,0.0795511
1581135940.598816866,-0.00934167,-0.066683,0.000141385,-0.091635,-0.073949,-0.0129803,0.0894858
1581135940.605511279,-0.00738095,-0.0536512,0.00011315,-0.0725823,-0.0596325,-0.0112455,0.0675079
1581135940.611952228,-0.00898723,-0.0644764,-0.000117656,-0.0886867,-0.0719123,-0.0142004,0.0804597
1581135940.618771470,-0.00843646,-0.0561618,-3.74491e-05,-0.0784654,-0.0636862,-0.013268,0.0785778
1581135940.625598377,-0.00945211,-0.0609769,7.7691e-05,-0.0830232,-0.0657557,-0.0194567,0.0867868
1581135940.631813953,-0.0112616,-0.0677237,0.00020231,-0.0930118,-0.0709182,-0.0274556,0.0924916
1581135940.670851402,-0.0100501,-0.0598867,-4.98593e-05,-0.0809932,-0.0639315,-0.0255408,0.0808315
1581135940.714796192,-0.0111003,-0.0605633,1.10987e-05,-0.0811187,-0.0652157,-0.0132851,0.0767935
1581135940.721477160,-0.0121423,-0.0604867,-8.64678e-06,-0.0818696,-0.0657996,-0.0167884,0.0784842
1581135940.728403597,-0.0124278,-0.061163,2.61463e-05,-0.0832995,-0.0669464,-0.0217443,0.077225
1581135940.736539776,-0.0123092,-0.0620104,-7.49167e-05,-0.0819688,-0.0651975,-0.0231574,0.0780656
1581135940.749804492,-0.0127787,-0.0639207,1.34991e-05,-0.0870664,-0.0693004,-0.0273033,0.0834263
1581135940.756598428,-0.0108335,-0.0530734,0.000179357,-0.0737001,-0.0554015,-0.023927,0.0683461
1581135940.762948052,-0.0119392,-0.0616285,8.78659e-05,-0.0840661,-0.0607236,-0.0266017,0.0808594
1581135940.769906382,-0.0103965,-0.0572867,-2.76267e-05,-0.0751974,-0.0545149,-0.0232886,0.0743503
1581135940.809420520,-0.00186535,-0.0106108,-3.69819e-05,-0.0141773,-0.0100448,-0.0036316,0.0130974
1581135940.815727509,-0.068188,-0.390283,0,-0.528943,-0.392229,-0.0897615,0.484687
1581135940.822512150,-0.00977791,-0.053056,0.000150696,-0.0721331,-0.0560115,-0.013049,0.067878
1581135940.866754686,-0.0116956,-0.0598291,-6.92144e-06,-0.0814051,-0.064712,-0.0242925,0.0738757
1581135940.873567513,-0.0118249,-0.0621205,-0.000105426,-0.0843999,-0.0655028,-0.0237114,0.0788476
1581135940.879935403,-0.0115623,-0.0617621,-0.000131394,-0.0844751,-0.0635858,-0.0181756,0.0790706
1581135940.887618065,-0.0109115,-0.0565318,0.00016214,-0.0778302,-0.0583116,-0.0133628,0.070753
1581135940.894631956,-0.0113738,-0.0606051,0.000196241,-0.0821829,-0.0624557,-0.0123701,0.0750507
1581135940.900872371,-0.0131235,-0.0676335,-7.68099e-05,-0.0917684,-0.0711952,-0.0125763,0.0878036
1581135940.907584522,-0.00989928,-0.0526758,-0.000176138,-0.072351,-0.0558587,-0.00974075,0.0668465
1581135940.914535240,-0.0103741,-0.0616672,-0.000157453,-0.0827128,-0.0643089,-0.012832,0.0745255
1581135940.920864249,-0.00953505,-0.0577187,9.58707e-06,-0.078314,-0.0595969,-0.0130363,0.0708126
1581135940.927583990,-0.00965489,-0.0615892,0.000130711,-0.0825895,-0.0620981,-0.0186301,0.0771957
1581135940.933761639,-0.00965008,-0.0632835,-9.81891e-05,-0.084619,-0.0633602,-0.0219783,0.0781915
1581135940.983803450,-0.00112159,-0.00709026,-2.39737e-06,-0.00976363,-0.0072434,-0.00276684,0.00871873
1581135941.029087893,-0.0162264,-0.120025,4.45473e-05,-0.16082,-0.117314,-0.0369292,0.147718
1581135941.035591988,-0.0104948,-0.0613615,6.01791e-05,-0.0807438,-0.0575263,-0.0146205,0.0756297
1581135941.042491842,-0.0119734,-0.0612947,-2.62775e-05,-0.0839189,-0.0581871,-0.0190156,0.0714726
1581135941.048942965,-0.0132952,-0.060484,8.79869e-05,-0.0833524,-0.059143,-0.0230004,0.0733392
1581135941.055654118,-0.0126045,-0.0572052,0.000216503,-0.0748083,-0.0556972,-0.0232134,0.0706758
1581135941.062085418,-0.0147577,-0.0646931,-0.000143801,-0.0841873,-0.0641502,-0.0264507,0.0796755
1581135941.068764273,-0.0131376,-0.0581297,-0.000461787,-0.0772141,-0.0585519,-0.024117,0.0659614
1581135941.075479019,-0.0143562,-0.0622777,-0.000247066,-0.0834547,-0.0625707,-0.0253858,0.0693808
1581135941.081871020,-0.0131741,-0.0561488,0.000151752,-0.0760854,-0.05712,-0.0228389,0.0685261
1581135941.089729073,-0.0136481,-0.0615398,0.000115391,-0.0827967,-0.0619906,-0.0202414,0.0734107
1581135941.096366652,-0.0135955,-0.0640575,4.43495e-05,-0.0845793,-0.061796,-0.0153692,0.0703187
1581135941.139064196,-0.00188569,-0.00851145,0,-0.0112079,-0.00826404,-0.00177805,0.00941167
1581135941.145980465,-0.0752648,-0.400975,-0.000527976,-0.53268,-0.398208,-0.0906946,0.474993
1581135941.152689546,-0.0084743,-0.0528496,0.000308957,-0.0701248,-0.0517638,-0.019994,0.0621978
1581135941.158943496,-0.0090001,-0.0619693,0.000290887,-0.0815827,-0.0609291,-0.0240032,0.0716217
1581135941.165875052,-0.00797475,-0.0572146,1.86825e-05,-0.0751158,-0.0568953,-0.0229811,0.0673185
1581135941.172593562,-0.00871347,-0.0629961,-1.78798e-05,-0.0837654,-0.0632589,-0.0259885,0.0773041
1581135941.179541957,-0.00818492,-0.0595251,4.29044e-05,-0.0793182,-0.0597413,-0.0243145,0.0714593
1581135941.185858444,-0.00810296,-0.0619984,-8.87971e-06,-0.0823979,-0.0617531,-0.0234293,0.0719494
1581135941.193601656,-0.00709192,-0.0566142,-0.000161557,-0.0752405,-0.0551715,-0.0192887,0.0673005
1581135941.199946511,-0.00796052,-0.0634506,-8.08656e-05,-0.0832261,-0.0605359,-0.0182481,0.0753105
1581135941.206784016,-0.00706438,-0.0568074,1.88698e-05,-0.0754351,-0.0532554,-0.0134308,0.0669183
1581135941.213448212,-0.00737551,-0.0597882,1.72383e-05,-0.0806912,-0.0576255,-0.0126228,0.0695159
1581135941.289062590,-0.0107348,-0.0589062,0,-0.0785294,-0.0545072,-0.0182492,0.0695303
1581135941.295877634,-0.0154737,-0.0702986,-0.000121303,-0.0925821,-0.0640433,-0.0255931,0.079595
1581135941.302546682,-0.0130836,-0.0609053,0.000122204,-0.0801597,-0.0553856,-0.0158678,0.073535
1581135941.309533636,-0.0130211,-0.0610937,0.000113377,-0.0800367,-0.0555242,-0.0128118,0.074577
1581135941.315871219,-0.0141658,-0.06772,4.72409e-05,-0.0884442,-0.0603904,-0.0143643,0.0753274
1581135941.322748774,-0.0111813,-0.0543079,-1.76538e-05,-0.0703733,-0.0483004,-0.0109428,0.0582647
1581135941.329016585,-0.0127037,-0.0628486,-8.82687e-06,-0.0818556,-0.0578605,-0.0124569,0.0712325
1581135941.335739476,-0.0113973,-0.0562563,-0.000113769,-0.0756942,-0.053827,-0.0105439,0.0679001
1581135941.342294029,-0.011478,-0.0610883,-0.000115864,-0.0836967,-0.0578748,-0.0114691,0.0737693
1581135941.348742049,-0.0101181,-0.0615623,-8.70728e-05,-0.0802922,-0.055575,-0.0131136,0.0685109
1581135941.355463651,-0.00904584,-0.0580552,4.76169e-05,-0.0751946,-0.0513879,-0.0151113,0.063397
1581135941.362230858,-0.00937823,-0.0621847,-6.1522e-05,-0.0823651,-0.0542831,-0.0198727,0.0715014
1581135941.405614194,-0.00806599,-0.0596075,4.16619e-05,-0.0789281,-0.0563553,-0.0231161,0.0675568
1581135941.411927552,-0.00750094,-0.0604292,4.48689e-05,-0.082591,-0.0592753,-0.0180615,0.0681634
1581135941.418781827,-0.00682714,-0.0553529,4.656e-05,-0.0738691,-0.0515621,-0.012341,0.0640429
1581135941.425580857,-0.007563,-0.0619128,-6.16276e-05,-0.0811945,-0.0551792,-0.0130834,0.0725134
1581135941.431919122,-0.00767184,-0.0607397,-8.81793e-05,-0.0815066,-0.0547857,-0.012513,0.0696373
1581135941.438719780,-0.00722414,-0.055234,0,-0.0746117,-0.051553,-0.0105199,0.0623826
1581135941.479716714,-0.0117492,-0.058956,6.16057e-05,-0.0790353,-0.0545939,-0.0151552,0.0680459
1581135941.486123072,-0.0149736,-0.0614781,-0.000115659,-0.0814784,-0.0555598,-0.0226161,0.0713181
1581135941.493662017,-0.0133164,-0.0561042,-0.000255162,-0.072339,-0.0501908,-0.0221833,0.0617656
1581135941.500730339,-0.0148997,-0.0617121,-0.000133754,-0.080018,-0.0584362,-0.0260634,0.0699957
1581135941.506968133,-0.0143229,-0.0596466,0.00013181,-0.0786619,-0.0583883,-0.0253419,0.0699451
1581135941.549961181,-0.00317018,-0.0138669,4.96004e-05,-0.0181921,-0.0131626,-0.00497423,0.0158736
1581135941.556698601,-0.0588436,-0.33285,-0.000406476,-0.432272,-0.300382,-0.070147,0.372979
1581135941.563002863,-0.00868186,-0.0605886,-0.000140454,-0.0802523,-0.0554515,-0.0111135,0.0706926
1581135941.569749938,-0.00786438,-0.0561299,0.00016893,-0.073501,-0.0510077,-0.00941286,0.065402
1581135941.576596955,-0.00854321,-0.0608627,0.00028271,-0.0799988,-0.0545211,-0.0121566,0.0694059
1581135941.582983576,-0.00823466,-0.0611819,9.70784e-05,-0.0798136,-0.0543682,-0.0176432,0.0673778
1581135941.590737395,-0.00762845,-0.0567067,-7.29482e-05,-0.0743632,-0.0497819,-0.0187266,0.0647324
1581135941.597856520,-0.00790752,-0.0583147,-0.000102145,-0.0776452,-0.0517385,-0.020854,0.0657541
1581135941.604082039,-0.00820045,-0.0618023,4.46067e-05,-0.0796755,-0.0542533,-0.0221118,0.0627303
1581135941.610966044,-0.00776576,-0.0596729,6.048e-05,-0.0775195,-0.0524375,-0.0222434,0.056805
1581135941.618192772,-0.00699487,-0.0558101,-3.72192e-05,-0.0729624,-0.0491278,-0.0223892,0.0536614
1581135941.624680286,-0.00791464,-0.0626169,-6.20373e-05,-0.0815039,-0.0547377,-0.0246391,0.0647795
1581135941.667825811,-0.0094026,-0.0597608,1.94829e-05,-0.0777394,-0.0524686,-0.0152999,0.0658613
1581135941.674149116,-0.0135235,-0.0604657,5.31578e-05,-0.0809725,-0.054732,-0.011822,0.0665717
1581135941.680787113,-0.0131475,-0.0568936,9.46006e-05,-0.0734557,-0.0515457,-0.0103004,0.0613013
1581135941.693048700,-0.0133376,-0.0565603,-0.000182236,-0.0725191,-0.0500029,-0.00934962,0.0648235
1581135941.699920542,-0.0163631,-0.0684683,-0.000142536,-0.087933,-0.0606996,-0.0152057,0.0765986
1581135941.706635109,-0.0119863,-0.0519905,4.41713e-05,-0.0682696,-0.0462562,-0.0150513,0.0550202
1581135941.713039917,-0.0134384,-0.0620842,0.000132098,-0.080049,-0.0530067,-0.0199022,0.0672359
1581135941.719851733,-0.0137849,-0.0662438,2.79243e-05,-0.0855854,-0.0563831,-0.0235953,0.0746488
1581135941.726562517,-0.0110085,-0.0544081,-6.25611e-05,-0.0697682,-0.0460785,-0.020221,0.0605825
1581135941.732887483,-0.0127264,-0.0614103,0,-0.0816286,-0.0543184,-0.0246263,0.0671692
1581135941.739635122,-0.0105836,-0.0549018,0.000159092,-0.0729903,-0.0507114,-0.0238809,0.0601795
1581135941.782150988,-0.00165368,-0.00976755,-7.02606e-06,-0.012697,-0.0085334,-0.00414193,0.0110124
1581135941.790775729,-0.0450701,-0.323301,-5.15731e-05,-0.418945,-0.261829,-0.0700845,0.352183
1581135941.796896046,-0.00835434,-0.0614233,3.51349e-05,-0.0796781,-0.0511064,-0.0116311,0.0644716
1581135941.804164846,-0.00794473,-0.0586348,6.79109e-05,-0.075441,-0.0504389,-0.00993939,0.0646273
1581135941.810801795,-0.00762739,-0.0554787,0,-0.0709207,-0.0479468,-0.00930262,0.0614028
1581135941.818281928,-0.00821337,-0.0601309,-1.72426e-05,-0.0788157,-0.0512142,-0.0133758,0.06363
1581135941.824994639,-0.00886424,-0.0680374,-0.000125797,-0.0875102,-0.0556308,-0.0183407,0.067442
1581135941.831625772,-0.00704411,-0.0529875,-2.68363e-05,-0.0694566,-0.0449105,-0.0164422,0.0545896
1581135941.838886391,-0.00741657,-0.056475,-4.13012e-05,-0.0747108,-0.0482986,-0.0178312,0.0611
1581135941.879113241,-0.0108247,-0.060932,4.79363e-05,-0.0791105,-0.052426,-0.0212494,0.0647894
1581135941.885643264,-0.0121707,-0.0522918,-3.51204e-05,-0.0676324,-0.0446083,-0.0168071,0.0540129
1581135941.892976543,-0.0151201,-0.0607261,-0.000115248,-0.0792113,-0.0513222,-0.0142135,0.0654665
1581135941.935962848,-0.013635,-0.0595263,-2.84201e-05,-0.0765448,-0.0496207,-0.010422,0.0631926
1581135941.942665889,-0.00960758,-0.0587244,-6.79654e-05,-0.0754081,-0.0492153,-0.0129375,0.063388
1581135941.949516246,-0.00946428,-0.0618933,6.11128e-05,-0.077181,-0.0496333,-0.0166149,0.0615266
1581135941.955910128,-0.00842435,-0.0578708,7.65062e-05,-0.0726349,-0.0462813,-0.0176041,0.0575074
1581135941.962634916,-0.00852846,-0.0605389,-6.99845e-05,-0.0781468,-0.048634,-0.019751,0.0652798
1581135941.969437706,-0.00841883,-0.0605006,-1.74203e-05,-0.0785933,-0.0480798,-0.0205416,0.0646142
1581135941.975937723,-0.00890554,-0.0668673,0.000170519,-0.0858342,-0.0531149,-0.0228796,0.0669241
1581135941.982748191,-0.00711798,-0.0531781,0.000175981,-0.0678276,-0.0430915,-0.0189871,0.0514184
1581135942.033134129,-0.00827564,-0.0598154,-7.07241e-06,-0.0768794,-0.0495185,-0.015738,0.0624781
1581135942.039270878,-0.00922732,-0.0664077,0,-0.0852006,-0.0522218,-0.0127154,0.0692388
1581135942.045595903,-0.00714187,-0.0544065,-3.56604e-05,-0.0683871,-0.042384,-0.00903208,0.0537378
1581135942.090899449,-0.00110335,-0.00826767,-4.07153e-06,-0.0103414,-0.0066011,-0.00128249,0.00829616
1581135942.097736951,-0.0712579,-0.384758,-6.01455e-05,-0.491486,-0.310617,-0.0969519,0.400865
1581135942.103908379,-0.013896,-0.0604953,7.93579e-05,-0.0782093,-0.0496448,-0.019301,0.063405
1581135942.110670758,-0.0126792,-0.0557118,0.000140572,-0.0703683,-0.046781,-0.0179833,0.0564146
1581135942.117498586,-0.013776,-0.0625212,-7.87225e-05,-0.0771806,-0.0530118,-0.0188403,0.0633084
1581135942.123951203,-0.0138307,-0.0625247,-0.000232896,-0.0803505,-0.0549644,-0.0191247,0.0656241
1581135942.130778050,-0.0118886,-0.0553585,9.34608e-05,-0.072481,-0.0489899,-0.0171973,0.058125
1581135942.137008423,-0.0127459,-0.0610894,0.000205143,-0.0789016,-0.0533313,-0.0196407,0.0621152
1581135942.143714476,-0.0108711,-0.0561134,-1.89944e-05,-0.0718878,-0.0483953,-0.0171048,0.0559518
1581135942.150620273,-0.011634,-0.0622007,-5.28035e-05,-0.0779356,-0.0509151,-0.0163422,0.0634679
1581135942.156915734,-0.01057,-0.0570404,-0.000160432,-0.0725652,-0.0465535,-0.012467,0.0591545
1581135942.163734294,-0.0114636,-0.0607598,-1.75209e-05,-0.0769962,-0.0505415,-0.0117176,0.0632994
1581135942.206258688,-0.0105917,-0.0603035,5.56071e-06,-0.0770738,-0.0496632,-0.0103275,0.062991
1581135942.212763628,-0.00846413,-0.0532248,0.000160886,-0.0655769,-0.0425155,-0.0152122,0.0561385
1581135942.218954010,-0.010403,-0.0666372,-1.92713e-05,-0.0838118,-0.0530632,-0.0214996,0.0721373
1581135942.225785716,-0.00828278,-0.052481,-8.77837e-06,-0.0663939,-0.0411486,-0.0173912,0.0543343
1581135942.232004810,-0.0105341,-0.0670157,7.73759e-05,-0.0856172,-0.0523434,-0.0220064,0.0648295
1581135942.238879276,-0.00815329,-0.0531828,4.44146e-05,-0.0664874,-0.0416226,-0.0184026,0.0511134
1581135942.245042565,-0.010188,-0.0663552,-9.50347e-05,-0.0843078,-0.0529777,-0.0238734,0.0683605
1581135942.251753651,-0.00815463,-0.0533056,-0.000179414,-0.0677399,-0.0432186,-0.01979,0.0565082
1581135942.258840123,-0.0101276,-0.0644791,0,-0.08209,-0.054179,-0.0194863,0.0685771
1581135942.265951631,-0.00832235,-0.0536311,5.45953e-05,-0.0678345,-0.0443525,-0.0117932,0.0533035
1581135942.272810598,-0.00944922,-0.0596639,9.49162e-05,-0.0749293,-0.048311,-0.0116584,0.0579811
1581135942.348510486,-0.00579906,-0.0333714,1.59675e-06,-0.04186,-0.0260822,-0.00626915,0.0333147
1581135942.355376268,-0.0637437,-0.33867,-0.000255904,-0.427287,-0.262693,-0.0720262,0.342329
1581135942.361692515,-0.0115027,-0.0654404,4.78159e-05,-0.0839041,-0.0514344,-0.0209593,0.067152
1581135942.368655552,-0.0089771,-0.0505816,0.00023374,-0.0645536,-0.0398351,-0.0169933,0.0507201
1581135942.375420997,-0.0107637,-0.0622915,0.000132655,-0.0761508,-0.0489346,-0.0210852,0.0610886
1581135942.381878840,-0.0110474,-0.0618183,-0.000105301,-0.0774199,-0.0497284,-0.0211297,0.0635031
1581135942.389722727,-0.0101774,-0.0555093,-0.000184893,-0.0717079,-0.0466519,-0.0192695,0.0592153
1581135942.396635639,-0.0111045,-0.0596475,-1.7505e-05,-0.0765584,-0.048902,-0.0189513,0.0599716
1581135942.403513094,-0.0111505,-0.0591928,6.11191e-05,-0.0753378,-0.0490796,-0.0143201,0.0586427
1581135942.409810462,-0.0103962,-0.0577396,2.87461e-05,-0.0716044,-0.0459924,-0.00994586,0.0561777
1581135942.416925814,-0.0123026,-0.0685722,-0.000195156,-0.0850577,-0.0505137,-0.010733,0.0683855
1581135942.423546607,-0.0096994,-0.053795,0,-0.0669725,-0.0384821,-0.00878504,0.0549245
1581135942.465951328,-0.0087843,-0.0585809,1.13651e-05,-0.0742702,-0.0447306,-0.0102545,0.0588821
1581135942.471973871,-0.00804244,-0.0610211,0.000249104,-0.0753089,-0.0475002,-0.0139141,0.0599891
1581135942.478856320,-0.00769865,-0.0603539,4.3486e-05,-0.0747334,-0.0465294,-0.0175634,0.06145
1581135942.485681932,-0.00719602,-0.0569835,-0.000188619,-0.0707059,-0.0432025,-0.0165707,0.0562667
1581135942.493681679,-0.00785033,-0.0590281,-0.000173276,-0.0765068,-0.0462401,-0.0174259,0.0589377
1581135942.500579832,-0.00824019,-0.0600832,0.000201617,-0.076283,-0.0463554,-0.0177164,0.0595134
1581135942.506992007,-0.00809127,-0.0607066,0.000105657,-0.0766691,-0.047065,-0.0185862,0.0613317
1581135942.547619236,-0.00920289,-0.0590089,1.04403e-05,-0.0739632,-0.0464601,-0.0158358,0.0596338
1581135942.553690123,-0.00940874,-0.0566157,-8.64095e-05,-0.0717464,-0.0423048,-0.00865028,0.0543691
1581135942.560483619,-0.0105549,-0.0613732,-0.000220261,-0.0756108,-0.0457436,-0.00961214,0.0522456
1581135942.566732218,-0.0101497,-0.0568654,6.72305e-05,-0.0718259,-0.0429573,-0.00923749,0.0478775
1581135942.576802127,-0.00754391,-0.0424672,0.000103337,-0.0527526,-0.0312212,-0.00651657,0.036984
1581135942.616939386,-0.0113426,-0.0643067,-1.80023e-05,-0.0794912,-0.0489527,-0.0123747,0.062325
1581135942.623664512,-0.010704,-0.0584599,-8.50177e-05,-0.0732875,-0.0425645,-0.0156522,0.0626089
1581135942.630068901,-0.0112299,-0.0611177,0.000114319,-0.0752232,-0.0435756,-0.0155652,0.0607308
1581135942.636927924,-0.0102609,-0.0575502,0.000142385,-0.0690925,-0.0408385,-0.0136875,0.0543798
1581135942.643565884,-0.0113385,-0.0623576,-8.83726e-05,-0.0760381,-0.0442725,-0.0156424,0.0605547
1581135942.649902564,-0.0104795,-0.0571567,-0.000123734,-0.0712245,-0.0419561,-0.0142678,0.0594029
1581135942.656710595,-0.0114519,-0.0598423,4.37671e-05,-0.0774403,-0.0463399,-0.0157945,0.0631342
1581135942.662998173,-0.0115648,-0.0609209,6.26539e-05,-0.0760572,-0.048479,-0.0161567,0.0610283
1581135942.670086463,-0.0107923,-0.0603719,0.000128894,-0.0728312,-0.0471289,-0.0159995,0.0554311
1581135942.676695919,-0.0100284,-0.0585742,-9.61465e-05,-0.0698621,-0.0448287,-0.016355,0.0552955
1581135942.682892030,-0.0103579,-0.0631787,-0.0001956,-0.076195,-0.0466736,-0.0186175,0.0630365
1581135942.725718196,-0.00955474,-0.0586635,1.0092e-05,-0.0721904,-0.0426908,-0.0129069,0.0586405
1581135942.731960876,-0.0113163,-0.0665229,0.000111026,-0.0819558,-0.0507928,-0.0102317,0.0651821
1581135942.738707029,-0.00930483,-0.0527274,0.000131428,-0.0625754,-0.0390418,-0.00727214,0.0494505
1581135942.785847803,-0.00164517,-0.00918043,-1.92199e-05,-0.0109384,-0.00651714,-0.00104553,0.00851544
1581135942.793615754,-0.0663427,-0.353623,-0.000126079,-0.437558,-0.267893,-0.0790402,0.343232
1581135942.800092016,-0.0111047,-0.0592713,0.000165222,-0.0737761,-0.0494345,-0.0174005,0.0569582
1581135942.806714532,-0.0104041,-0.0569379,7.71292e-05,-0.070601,-0.0478413,-0.0184843,0.0532641
1581135942.813097274,-0.0115486,-0.0616981,-8.78864e-05,-0.0754703,-0.0493163,-0.020109,0.0589559
1581135942.819807695,-0.0108379,-0.0565313,-9.48165e-05,-0.0697301,-0.0453009,-0.017864,0.0552797
1581135942.826535027,-0.0120335,-0.0611514,-6.26241e-05,-0.0751263,-0.0491573,-0.0164263,0.0608025
1581135942.833138033,-0.0113045,-0.0585512,0,-0.0727785,-0.0458438,-0.0108059,0.05617
1581135942.843680461,-0.0112505,-0.058997,0.000127464,-0.0725332,-0.0447844,-0.00948302,0.0567537
1581135942.884074547,-0.0106088,-0.0588048,-8.32306e-06,-0.0726178,-0.0442196,-0.00952961,0.0560763
1581135942.890996097,-0.00972837,-0.0613408,-0.000108879,-0.0758128,-0.045116,-0.00951063,0.0600033
1581135942.897858394,-0.0089517,-0.059484,4.34193e-05,-0.0740273,-0.0440656,-0.00909928,0.0564278
1581135942.904734970,-0.00838342,-0.0564744,9.48324e-05,-0.0678451,-0.0411054,-0.00752993,0.0495419
1581135942.944096422,-0.00864172,-0.0605832,-1.49347e-06,-0.074364,-0.0447248,-0.0146445,0.0568339
1581135942.950680076,-0.00861264,-0.0536773,0,-0.0656498,-0.0417174,-0.0143182,0.0500004
1581135942.957059187,-0.0110536,-0.0650965,4.71068e-05,-0.0797027,-0.0496045,-0.0180646,0.0638809
1581135942.963500981,-0.0101434,-0.0579857,4.87267e-05,-0.0702922,-0.0426859,-0.0169348,0.0562221
1581135942.969931363,-0.0109184,-0.0613642,5.27049e-05,-0.0756468,-0.0447627,-0.0189205,0.0569108
1581135942.976709159,-0.0101877,-0.0582055,-4.85201e-05,-0.0719929,-0.0421634,-0.017484,0.0505211
1581135942.982875029,-0.00938665,-0.0527965,-7.17136e-05,-0.0654107,-0.0386439,-0.0125604,0.047247
1581135943.028097380,-0.0105678,-0.0590855,-2.71792e-06,-0.0714412,-0.0429658,-0.00890773,0.0577814
1581135943.034110188,-0.0118947,-0.0623555,0.000107082,-0.0751247,-0.0458582,-0.0110202,0.0629891
1581135943.040878451,-0.0105702,-0.0564489,-9.31578e-06,-0.0674106,-0.0409385,-0.00973128,0.0533729
1581135943.047827587,-0.0120579,-0.0627937,-0.000169327,-0.0753238,-0.0445028,-0.00981206,0.0581594
1581135943.054631691,-0.011323,-0.0584071,-0.000135924,-0.0710977,-0.0427979,-0.00922487,0.0554086
1581135943.061056538,-0.0115097,-0.0594712,9.65809e-05,-0.0739132,-0.0446973,-0.00864763,0.0599014
1581135943.068005285,-0.0104124,-0.05497,2.81425e-05,-0.0670427,-0.040674,-0.00843311,0.0563677
1581135943.074909787,-0.0113251,-0.0606446,0.000103272,-0.0724689,-0.0444744,-0.011394,0.0583986
1581135943.081059661,-0.0115161,-0.0626441,0,-0.0764634,-0.047778,-0.0159254,0.0572042
1581135943.089045512,-0.0107681,-0.0589475,1.49679e-05,-0.0719621,-0.0455405,-0.014018,0.0542749
1581135943.095832019,-0.00994815,-0.0560263,9.54989e-06,-0.0670904,-0.0398766,-0.0125043,0.0543667
1581135943.102677241,-0.00993554,-0.0605821,1.76061e-05,-0.0726052,-0.0406864,-0.0131681,0.0594195
1581135943.154131068,-0.00905377,-0.0597288,-2.08091e-05,-0.0723192,-0.0405039,-0.0157559,0.0559123
1581135943.193955107,-0.0109043,-0.058266,-6.07853e-06,-0.0708656,-0.0422146,-0.0078007,0.0554009
1581135943.200626536,-0.0116328,-0.061265,0.000194915,-0.0747318,-0.0440718,-0.00900147,0.0612118
1581135943.206907229,-0.0123594,-0.0660058,0.000171796,-0.0790238,-0.0461163,-0.0108228,0.0646124
1581135943.213648734,-0.00958573,-0.0523741,-0.000115811,-0.0636881,-0.0370031,-0.00861469,0.0497728
1581135943.219994794,-0.0114142,-0.0614252,-0.000246796,-0.0731127,-0.0433652,-0.00957208,0.0565599
1581135943.226722501,-0.0103892,-0.0561606,2.85426e-05,-0.0679483,-0.0411,-0.00803924,0.0536108
1581135943.232873921,-0.0115645,-0.0615477,0.000176958,-0.0736343,-0.0463643,-0.00840575,0.0603001
1581135943.239599658,-0.0104899,-0.0563233,6.5988e-05,-0.0677746,-0.0424348,-0.0097925,0.0550416
1581135943.246524214,-0.0113048,-0.0604295,-0.000122602,-0.0745276,-0.0455484,-0.0138442,0.056778
1581135943.252901678,-0.012027,-0.0656968,-0.000153698,-0.0808362,-0.0494604,-0.0162537,0.0584153
1581135943.296232960,-0.00991885,-0.0580712,1.39718e-05,-0.0685699,-0.0412615,-0.0114963,0.0542819
1581135943.302849233,-0.00931627,-0.0610772,0.000139048,-0.0728877,-0.0431052,-0.0138701,0.0563669
1581135943.309585667,-0.00859508,-0.0603105,3.41188e-05,-0.070935,-0.0434802,-0.0142228,0.056516
1581135943.316571803,-0.00866675,-0.0604739,-0.000193376,-0.0727533,-0.0442303,-0.0145823,0.0577139
1581135943.322803470,-0.00766352,-0.0554108,-7.59784e-05,-0.0673382,-0.0397477,-0.014159,0.049884
1581135943.329814444,-0.00780267,-0.0592831,0.000137189,-0.0700525,-0.0416645,-0.0145936,0.0516862
1581135943.335951121,-0.00835613,-0.0636555,0.000108878,-0.0754321,-0.0439854,-0.0147979,0.0576764
1581135943.342798953,-0.00841675,-0.0648377,-0.000139201,-0.0769478,-0.0435333,-0.0150889,0.063353
1581135943.349476896,-0.00709093,-0.0520002,-8.81931e-05,-0.0630158,-0.0351654,-0.0125591,0.0509683
1581135943.355878297,-0.00872674,-0.06115,2.69352e-05,-0.0746531,-0.0430663,-0.0139699,0.0576754
1581135943.362620854,-0.00774782,-0.0545877,0.000130052,-0.0657543,-0.0405636,-0.0101075,0.0485493
1581135943.369507348,-0.00898699,-0.0623104,9.6832e-05,-0.0717903,-0.0463204,-0.00841486,0.0539836
1581135943.412082322,-0.0121017,-0.0596524,-2.79826e-05,-0.0708699,-0.0463587,-0.00676577,0.0561226
1581135943.419025758,-0.0121876,-0.0557902,-9.41102e-05,-0.0679967,-0.0405514,-0.00765139,0.0544256
1581135943.425686058,-0.0129756,-0.0599207,3.52956e-05,-0.072817,-0.0423688,-0.0116437,0.0587299
1581135943.431904978,-0.0128019,-0.0605198,0.000160235,-0.0727519,-0.0426897,-0.0132916,0.0554364
1581135943.438878251,-0.011453,-0.0556822,4.65641e-05,-0.0659527,-0.0390185,-0.0125425,0.0489501
1581135943.445741149,-0.0123525,-0.060739,-6.94036e-05,-0.0726752,-0.0424843,-0.0133328,0.0549878
1581135943.452102902,-0.0132298,-0.0609532,-6.22753e-05,-0.0729107,-0.044371,-0.013559,0.0576702
1581135943.492247507,-0.0108931,-0.0586427,-7.17629e-05,-0.0705464,-0.0419385,-0.0149672,0.0550396
1581135943.499298287,-0.00872932,-0.0588842,0.000284084,-0.0699379,-0.0411019,-0.0126119,0.0542355
1581135943.505852181,-0.00793769,-0.0552098,0.000158392,-0.065253,-0.0384735,-0.00753708,0.0494056
1581135943.512737339,-0.00850572,-0.0623037,8.93882e-06,-0.072956,-0.0428309,-0.00718201,0.0553542
1581135943.522206905,-0.00571922,-0.0419429,-1.8234e-05,-0.0505369,-0.0304474,-0.00486224,0.0396577
1581135943.529046339,-0.0119455,-0.0903627,4.64517e-05,-0.111411,-0.0694663,-0.0117969,0.0861641
1581135943.535749209,-0.00677167,-0.0520479,0,-0.0618058,-0.0396147,-0.0070176,0.0474544
1581135943.541941396,-0.00798203,-0.0607575,-8.87851e-05,-0.0720246,-0.0453457,-0.00934935,0.0570905
1581135943.548889256,-0.007236,-0.0554698,-0.00015116,-0.0656814,-0.0406577,-0.00848294,0.0530987
1581135943.555584903,-0.00809327,-0.06166,8.90477e-06,-0.0719056,-0.0423483,-0.00976528,0.0610908
1581135943.561854344,-0.00746092,-0.056657,0.000163021,-0.0667264,-0.0376997,-0.00939808,0.0553624
1581135943.568754148,-0.00802824,-0.0608975,5.24167e-05,-0.0716776,-0.0400591,-0.00900667,0.056582
1581135943.607117022,-0.0106137,-0.0596283,0,-0.0710735,-0.0396041,-0.00812075,0.0543122
1581135943.613617978,-0.0143184,-0.0646577,-5.62258e-05,-0.0772425,-0.0449492,-0.0151899,0.0524383
1581135943.619877338,-0.0115105,-0.0528456,-8.99932e-05,-0.0625562,-0.0360848,-0.0115825,0.0457449
1581135943.626153374,-0.0140371,-0.0666139,5.76096e-05,-0.078193,-0.0446729,-0.0141235,0.0597009
1581135943.669295303,-0.0111838,-0.0586421,3.08947e-05,-0.068777,-0.0407741,-0.0119674,0.052994
1581135943.676100759,-0.0103497,-0.0572911,-0.000141394,-0.0651335,-0.0419569,-0.0113489,0.0548874
1581135943.682580582,-0.0110299,-0.0616897,-0.000283955,-0.0720363,-0.0470375,-0.0121747,0.055132
1581135943.689108167,-0.0106279,-0.058778,1.73291e-05,-0.0721516,-0.046468,-0.0122129,0.0528448
1581135943.695830499,-0.00967182,-0.0561194,0.000161666,-0.0676172,-0.0431077,-0.0115263,0.052458
1581135943.702685552,-0.0101376,-0.0623441,5.29853e-05,-0.0728967,-0.0456366,-0.0122569,0.0601806
1581135943.709099107,-0.00981164,-0.0608617,-9.52669e-05,-0.0708205,-0.0435072,-0.011864,0.0583763
1581135943.715723865,-0.00959683,-0.0574363,2.89361e-05,-0.0670139,-0.0417129,-0.00869983,0.0533082
1581135943.723187537,-0.00990697,-0.0598258,9.21607e-05,-0.0713379,-0.0449731,-0.00761839,0.0531521
1581135943.729917998,-0.0104059,-0.0648938,0.000197052,-0.0759659,-0.047306,-0.00833223,0.058973
1581135943.736616381,-0.00818246,-0.0544963,-2.67409e-05,-0.061725,-0.0375359,-0.00643544,0.0508062
1581135943.742969046,-0.00951858,-0.0626959,-0.000178412,-0.073517,-0.0439335,-0.00813585,0.0608493
1581135943.786186761,-0.00919687,-0.0592324,-1.11422e-05,-0.0685643,-0.041665,-0.00746445,0.0552954
1581135943.793812469,-0.00961539,-0.0546366,0.000199989,-0.0626281,-0.0372328,-0.00535966,0.0492769
1581135943.800577783,-0.0114658,-0.0613406,7.11522e-05,-0.0714632,-0.0408321,-0.00659126,0.0545715
1581135943.807122113,-0.0121122,-0.0610916,-2.60888e-05,-0.0709589,-0.0411257,-0.0102327,0.0557229
1581135943.813860397,-0.0119134,-0.0557428,-0.000178109,-0.0648443,-0.0383629,-0.0105637,0.0520404
1581135943.820913189,-0.0126805,-0.0585114,-0.000153899,-0.0679426,-0.0415762,-0.011851,0.0560146
1581135943.827695771,-0.0130081,-0.0607339,0.00015125,-0.0697559,-0.0448716,-0.0132394,0.0554844
1581135943.834143435,-0.0126907,-0.0615228,5.31377e-05,-0.0698474,-0.0456404,-0.0130804,0.056032
1581135943.841913586,-0.0110165,-0.0555363,-8.76149e-05,-0.0628966,-0.0401977,-0.0123308,0.0514659
1581135943.848790480,-0.0122115,-0.0625392,-0.000152654,-0.0719583,-0.0446942,-0.0137559,0.0582203
1581135943.855106925,-0.0117899,-0.0602018,4.40977e-05,-0.0715332,-0.0442321,-0.0142326,0.0560308
1581135943.897420027,-0.00162178,-0.00850294,3.28347e-05,-0.0099063,-0.00598233,-0.00203722,0.00753501
1581135943.904872006,-0.0650351,-0.352673,-4.95458e-05,-0.408361,-0.23554,-0.0508572,0.31999
1581135943.910798991,-0.010249,-0.0560334,-3.8381e-05,-0.0661192,-0.0394604,-0.00550834,0.0535383
1581135943.917629538,-0.0106792,-0.0600455,-4.35242e-05,-0.0704897,-0.0424453,-0.00624912,0.0589054
1581135943.923927884,-0.0111801,-0.0625653,0.000135466,-0.0729869,-0.0433912,-0.00736913,0.0591517
1581135943.930761269,-0.00965704,-0.0564522,8.48789e-05,-0.0645626,-0.0379491,-0.00739367,0.0510484
1581135943.937121495,-0.0106229,-0.0626628,-4.44169e-05,-0.0704256,-0.0423495,-0.00898862,0.0556459
1581135943.943669633,-0.00949559,-0.0568297,-0.000115084,-0.0660184,-0.0395631,-0.00848849,0.0535686
1581135943.950651329,-0.00990739,-0.0599956,-0.000140049,-0.069938,-0.0420101,-0.00918095,0.0583153
1581135943.956828225,-0.00923243,-0.0574846,2.87624e-05,-0.0651736,-0.0392997,-0.00862845,0.0545893
1581135943.963734559,-0.00976904,-0.0615511,8.79435e-05,-0.0697022,-0.0416718,-0.00928541,0.0551849
1581135943.970113903,-0.010411,-0.0670214,5.69271e-05,-0.0760658,-0.0465563,-0.00969922,0.0555665
1581135944.013926947,-0.00999531,-0.0569542,-6.84747e-06,-0.0662934,-0.0411636,-0.00766942,0.051949
1581135944.021597568,-0.0120629,-0.0581712,-2.25622e-05,-0.0679704,-0.0406709,-0.0120328,0.0543132
1581135944.028022748,-0.0136242,-0.0704717,7.09509e-05,-0.0810623,-0.0470036,-0.0116374,0.0647239
1581135944.034968227,-0.0119997,-0.0647578,1.83824e-05,-0.075168,-0.0429122,-0.0102264,0.0588131
1581135944.041728680,-0.00903563,-0.0535399,-0.000150735,-0.0616976,-0.0356105,-0.00753708,0.0449476
1581135944.048726666,-0.00948988,-0.0601581,-0.000245582,-0.0699199,-0.0413836,-0.00875313,0.052019
1581135944.054898685,-0.00825737,-0.0548559,2.85073e-05,-0.0642726,-0.0395898,-0.00831439,0.0510171
1581135944.095517799,-0.0085236,-0.0596593,8.84192e-05,-0.0692248,-0.040951,-0.0107562,0.0546312
1581135944.101757978,-0.00823436,-0.0572497,-7.62521e-05,-0.0658081,-0.0367801,-0.0107027,0.0543429
1581135944.108759326,-0.00890695,-0.0599952,-0.000283435,-0.0685071,-0.0392353,-0.0120248,0.0562933
1581135944.115033430,-0.00954782,-0.0615515,-0.000225399,-0.0718566,-0.0413433,-0.0117567,0.0560698
1581135944.158612908,-0.00123993,-0.00815032,2.09454e-05,-0.00945727,-0.00565453,-0.00149825,0.00731532
1581135944.165089365,-0.060732,-0.397229,0.000383138,-0.458587,-0.282019,-0.0570127,0.362261
1581135944.171554414,-0.00936024,-0.059505,-0.000111737,-0.0691316,-0.0401433,-0.00807094,0.0546573
1581135944.178353005,-0.00970959,-0.0607878,-0.000236399,-0.0699721,-0.0401201,-0.00857141,0.0571631
1581135944.184877335,-0.0100288,-0.055634,6.66011e-05,-0.0652346,-0.0366288,-0.00732653,0.0525512
1581135944.192859002,-0.0111965,-0.0583869,0.000334997,-0.0668661,-0.0382228,-0.00688613,0.0518804
1581135944.199103732,-0.0120199,-0.0625233,0.000117591,-0.0719384,-0.0414736,-0.00651189,0.0570605
1581135944.250972811,-0.00151002,-0.00794146,-1.73173e-05,-0.00923676,-0.00551181,-0.000706524,0.00740349
1581135944.257230830,-0.104744,-0.486538,-0.00014141,-0.553159,-0.342389,-0.0487566,0.438583
1581135944.263869545,-0.0107163,-0.0529317,-2.63525e-05,-0.0614081,-0.035768,-0.00837105,0.0471519
1581135944.270592301,-0.0131568,-0.0666104,-0.000142497,-0.0770503,-0.04502,-0.0119219,0.0607207
1581135944.276960608,-0.0106181,-0.0526353,-0.000133829,-0.0607194,-0.0376183,-0.00930644,0.0514843
1581135944.321148816,-0.0108494,-0.0591072,-1.66493e-05,-0.0672332,-0.0434022,-0.0121494,0.0552863
1581135944.327638968,-0.00923936,-0.061315,0.000254453,-0.0707825,-0.0427204,-0.01174,0.0546728
1581135944.335684880,-0.00929411,-0.0610878,8.61336e-05,-0.0676083,-0.0414281,-0.00668418,0.050717
1581135944.340845727,-0.0096047,-0.0614667,-8.76316e-05,-0.0686527,-0.0421906,-0.00397858,0.053045
1581135944.347768367,-0.00898698,-0.0555056,4.68631e-05,-0.0627401,-0.0382045,-0.00364539,0.0522631
1581135944.354368940,-0.00963382,-0.0611984,0.000133667,-0.0700391,-0.0417222,-0.00428666,0.0591041
1581135944.360980013,-0.00925535,-0.0605375,0.000128789,-0.0680843,-0.0414585,-0.00411253,0.0559099
1581135944.367792951,-0.00841499,-0.0573295,-0.00011321,-0.06432,-0.0393807,-0.00413203,0.0494334
1581135944.374531750,-0.00918156,-0.0616387,-0.000372221,-0.0714939,-0.0426677,-0.00508707,0.0531839
1581135944.381404071,-0.00891331,-0.0595263,-0.000112935,-0.0695081,-0.040963,-0.00543833,0.0538013
1581135944.388885468,-0.00688555,-0.047332,0.000139014,-0.0545774,-0.0325011,-0.00500471,0.0460073
1581135944.433435665,-0.00949659,-0.0695778,0.000331073,-0.0771663,-0.0465315,-0.00699611,0.0645245
1581135944.438542671,-0.00861975,-0.0599461,-1.1204e-05,-0.067752,-0.0409781,-0.00728351,0.0538868
1581135944.445150185,-0.0104332,-0.0600126,-0.000173608,-0.0688834,-0.0442881,-0.00978219,0.0517927
1581135944.451760077,-0.010176,-0.0557118,2.84786e-05,-0.0633724,-0.0410535,-0.00827752,0.0491525
1581135944.458789168,-0.011271,-0.0600158,0.000323281,-0.0683423,-0.0433784,-0.00859739,0.0566257
1581135944.498997570,-0.0104153,-0.0592062,-5.99545e-06,-0.0672935,-0.0410258,-0.00636793,0.0547705
1581135944.505251293,-0.0103921,-0.0618686,-0.000131995,-0.0688202,-0.0412234,-0.00731231,0.0588768
1581135944.511589189,-0.00989115,-0.0562258,-0.000141441,-0.0626565,-0.0387725,-0.00848622,0.0507947
1581135944.518187605,-0.0112306,-0.0605848,-5.3185e-05,-0.0686509,-0.0419652,-0.0101669,0.05399
1581135944.524938321,-0.0103756,-0.0561646,0.000189693,-0.0635716,-0.0385887,-0.00955993,0.049962
1581135944.531676028,-0.0109872,-0.0612726,8.82483e-05,-0.068721,-0.0420498,-0.0100871,0.0564982
1581135944.538080471,-0.0103303,-0.056225,-4.73506e-05,-0.0627868,-0.0393442,-0.00926982,0.0522292
1581135944.581159717,-0.0109944,-0.0599356,-2.66038e-05,-0.0673118,-0.0419813,-0.00972859,0.054542
1581135944.589463208,-0.0094672,-0.0535637,6.11244e-05,-0.0604909,-0.0399986,-0.0101192,0.0475262
1581135944.595720137,-0.0109333,-0.0674206,2.85972e-05,-0.0742456,-0.04975,-0.0107903,0.0574691
1581135944.602731877,-0.0101526,-0.061888,-4.37897e-05,-0.0677483,-0.0445698,-0.00566759,0.0567022
1581135944.609601977,-0.00977338,-0.0603301,-8.712e-05,-0.068553,-0.043414,-0.00341458,0.0555305
1581135944.615959586,-0.00928865,-0.0562816,-4.7381e-05,-0.0643097,-0.0407184,-0.00302355,0.0518553
1581135944.622925360,-0.00982509,-0.0611812,8.67916e-05,-0.0683764,-0.0431888,-0.00355856,0.0535086
1581135944.629762575,-0.0101263,-0.0617566,0.000105121,-0.0680111,-0.0428459,-0.00410834,0.0556598
1581135944.636224222,-0.0109354,-0.0615519,-3.5089e-05,-0.0675501,-0.0420226,-0.00456006,0.0574215
1581135944.642973291,-0.0114076,-0.0556961,4.72633e-05,-0.0622553,-0.0391357,-0.00479177,0.0545053
1581135944.649684883,-0.0127776,-0.0601782,9.64759e-05,-0.0681324,-0.0431192,-0.00531449,0.0574245
1581135944.656011467,-0.0134055,-0.062722,8.87273e-06,-0.0695579,-0.0437784,-0.00535334,0.0551403
1581135944.699044128,-0.0124407,-0.0595393,-9.92928e-06,-0.0652248,-0.040693,-0.00537771,0.0541587
1581135944.705238481,-0.0120743,-0.0608674,-4.35331e-05,-0.0653072,-0.0398633,-0.00749527,0.0537204
1581135944.711853033,-0.0118584,-0.0564683,-2.86214e-05,-0.061038,-0.0367106,-0.00879602,0.0535776
1581135944.718928886,-0.0126328,-0.058539,4.31515e-05,-0.0652265,-0.0392377,-0.00801633,0.0576761
1581135944.725130596,-0.0129796,-0.0632092,-2.6948e-05,-0.0686795,-0.0411179,-0.00727576,0.0579275
1581135944.732850560,-0.0118961,-0.0574763,-0.000137396,-0.0631011,-0.0386623,-0.00533384,0.0490957
1581135944.739043264,-0.0128118,-0.0625113,-0.000116307,-0.0692125,-0.0447627,-0.00501022,0.0537703
1581135944.745945379,-0.0132702,-0.0637828,-3.735e-05,-0.0703852,-0.0466184,-0.00539771,0.0605797
1581135944.759150997,-0.00964981,-0.0566251,6.19109e-05,-0.0622992,-0.0404602,-0.00780122,0.0526759
1581135944.766126968,-0.00813762,-0.0571785,7.48367e-05,-0.0618459,-0.038432,-0.00952195,0.0476846
1581135944.772677684,-0.0089721,-0.0620459,-1.78609e-05,-0.0693932,-0.0420234,-0.0101773,0.0524489
1581135944.815365966,-0.00134774,-0.00954744,-1.2583e-05,-0.0106743,-0.00647363,-0.00136452,0.00866245
1581135944.822085332,-0.0493219,-0.387819,2.80353e-05,-0.427628,-0.265976,-0.0521721,0.35771
1581135944.828791848,-0.00745751,-0.0610304,0.000158115,-0.06739,-0.0428654,-0.00954808,0.0590101
1581135944.834999918,-0.0078246,-0.0625252,1.78703e-05,-0.0681704,-0.0427744,-0.0108794,0.0573714
1581135944.876036718,-0.0119451,-0.0585311,-2.07704e-05,-0.0651475,-0.0406714,-0.00550523,0.0536979
1581135944.882730962,-0.013712,-0.0597087,-0.000243463,-0.0668473,-0.0454645,-0.00336498,0.0526744
1581135944.890221175,-0.0137384,-0.0613233,7.68483e-05,-0.0675547,-0.0472821,-0.0045103,0.0543926
1581135944.896995701,-0.0121172,-0.057013,0.000122871,-0.0615404,-0.044204,-0.00448013,0.0517862
1581135944.903860980,-0.0129402,-0.059499,6.03841e-05,-0.0658742,-0.0477027,-0.00462396,0.0562725
1581135944.910720991,-0.0133476,-0.0611103,6.12644e-05,-0.0668432,-0.0471798,-0.00533031,0.055605
1581135944.916961308,-0.0126174,-0.0571679,0.000173241,-0.0639241,-0.0430703,-0.00511046,0.0508159
1581135944.923634458,-0.0137734,-0.0620244,0,-0.0679084,-0.0453415,-0.0054003,0.055296
1581135944.966239390,-0.0114674,-0.0603312,-5.73651e-05,-0.0657893,-0.0418155,-0.00648365,0.054417
1581135944.973327665,-0.00842378,-0.0590094,6.87572e-05,-0.0670378,-0.0428134,-0.00553563,0.0565769
1581135944.979888226,-0.00780661,-0.056478,0.000143861,-0.0632105,-0.0401877,-0.00489111,0.05245
1581135944.985912811,-0.00817325,-0.0630304,0.000115994,-0.0667958,-0.0437144,-0.00555888,0.056026
1581135945.026907562,-0.0073287,-0.0609661,-1.47781e-05,-0.0659878,-0.041503,-0.00559517,0.0565074
1581135945.033077177,-0.00638001,-0.0535389,-6.20243e-05,-0.0593606,-0.0383509,-0.0040141,0.0507919
1581135945.039878182,-0.00909219,-0.0608774,1.75245e-05,-0.0668163,-0.0463054,-0.00418696,0.0595723
1581135945.046623638,-0.0117516,-0.064563,0.000282708,-0.070745,-0.0502255,-0.00374129,0.0611798
1581135945.053044793,-0.0107484,-0.0535288,0.000115477,-0.0577748,-0.0382323,-0.00289585,0.0459516
1581135945.059153275,-0.0146032,-0.069813,-5.84146e-05,-0.0747002,-0.045671,-0.00385524,0.058257
1581135945.065883305,-0.0123937,-0.0539202,-0.000124912,-0.0587028,-0.0346489,-0.00299804,0.0486736
1581135945.075851990,-0.015607,-0.066227,-0.00010501,-0.0732334,-0.0434361,-0.00587052,0.0638406
1581135945.115623319,-0.0133418,-0.0585878,-2.37737e-05,-0.0635903,-0.0375942,-0.00717017,0.0540203
1581135945.122115679,-0.0134446,-0.0611922,0.000192567,-0.0665053,-0.0434289,-0.00720373,0.0554678
1581135945.129117282,-0.0139625,-0.0664709,-6.51547e-05,-0.0708365,-0.0477928,-0.00754905,0.0556825
1581135945.135761098,-0.0108248,-0.0526289,-0.000158287,-0.0573861,-0.0381566,-0.00583007,0.0455853
1581135945.142146343,-0.0114614,-0.0607834,-0.000238235,-0.0662185,-0.0439751,-0.00670566,0.0575011
1581135945.149142909,-0.00943805,-0.0560998,-0.00010381,-0.0615739,-0.0407573,-0.00611586,0.0550522
1581135945.155912113,-0.00950129,-0.0612442,0.00022852,-0.0682933,-0.0439608,-0.00695239,0.0580625
1581135945.162336324,-0.00909886,-0.0619602,0.000131872,-0.0675339,-0.0442794,-0.00691866,0.0543822
1581135945.169165210,-0.00894843,-0.0598645,-4.2822e-05,-0.0649853,-0.0425277,-0.00649938,0.0514727
1581135945.175949199,-0.00810559,-0.055642,-7.56556e-05,-0.0609007,-0.040405,-0.00733002,0.0519438
1581135945.182298054,-0.00881485,-0.062537,0.000116454,-0.0678492,-0.0455075,-0.00756965,0.0603153
1581135945.225937542,-0.00752634,-0.0597687,2.08531e-05,-0.0648928,-0.0433976,-0.00541886,0.0558081
1581135945.264720100,-0.0116681,-0.0599328,7.51745e-06,-0.0648036,-0.0422703,-0.00283167,0.0554515
1581135945.271150698,-0.0168856,-0.0653609,-7.55417e-05,-0.0721888,-0.0469322,-0.00328646,0.0588352
1581135945.277738873,-0.0138454,-0.0540959,-6.29301e-05,-0.0583125,-0.0378609,-0.00271513,0.049286
1581135945.284160746,-0.0168272,-0.067271,-9.51374e-05,-0.071913,-0.0473636,-0.00295833,0.0626194
1581135945.291896823,-0.0136689,-0.0548306,1.55204e-05,-0.0571424,-0.0385025,-0.00249018,0.0509363
1581135945.298790021,-0.0161399,-0.064973,7.51648e-05,-0.0696891,-0.0462965,-0.00309082,0.0599657
1581135945.305131188,-0.0124143,-0.0514258,-2.62653e-05,-0.0553654,-0.0371484,-0.00294163,0.0467945
1581135945.312137235,-0.0147822,-0.0686456,2.55608e-05,-0.0726671,-0.0476847,-0.00537611,0.060509
1581135945.320746873,-0.0110853,-0.0600601,-0.000125642,-0.064036,-0.0423783,-0.00654772,0.0560768
1581135945.326951048,-0.00883656,-0.054237,-0.000179054,-0.0588746,-0.0390779,-0.00632078,0.0499306
1581135945.335974650,-0.0103242,-0.0662973,0,-0.0736211,-0.0491114,-0.00790852,0.0619548
1581135945.383885324,-0.0081868,-0.0585314,4.79938e-05,-0.0630022,-0.0432668,-0.00659095,0.055035
1581135945.391875785,-0.00816962,-0.0610319,-8.25907e-05,-0.0651467,-0.0428665,-0.00473057,0.0588468
1581135945.398299043,-0.00836762,-0.0621329,-1.77152e-05,-0.067003,-0.0449107,-0.004569,0.0604417
1581135945.405119419,-0.00738037,-0.0550164,7.47459e-05,-0.0597249,-0.0408069,-0.00374624,0.0512048
1581135945.411701578,-0.00783709,-0.060658,7.94324e-05,-0.0646913,-0.0458364,-0.00412152,0.0535181
1581135945.418266478,-0.00808509,-0.0622305,0.000114994,-0.0646896,-0.0462248,-0.0035295,0.055428
1581135945.425225066,-0.0092374,-0.0610924,0,-0.0653155,-0.0438854,-0.00328554,0.0576865
1581135945.431902455,-0.0102113,-0.056871,-9.51109e-06,-0.0614961,-0.0413096,-0.00293111,0.0552437
1581135945.438712315,-0.0120122,-0.0603326,-3.50328e-05,-0.064824,-0.0441125,-0.00281043,0.058993
1581135945.444959279,-0.0123057,-0.057212,-2.88424e-05,-0.0605095,-0.0411473,-0.00213429,0.0522512
1581135945.451770708,-0.0135353,-0.0612117,-4.39078e-05,-0.0655244,-0.0441279,-0.00224856,0.0543694
1581135945.494262946,-0.00342583,-0.0143388,-1.42798e-05,-0.0157025,-0.0102064,-0.000551217,0.0133177
1581135945.501090201,-0.0785494,-0.317516,-3.27911e-05,-0.340274,-0.230667,-0.0167424,0.294152
1581135945.507735095,-0.0138897,-0.0618544,-7.16339e-05,-0.0662873,-0.0413951,-0.00445976,0.0609589
1581135945.514135811,-0.012237,-0.0622424,-4.44402e-05,-0.0662148,-0.0406371,-0.00624734,0.0572392
1581135945.520911176,-0.00994602,-0.0562503,0.000123022,-0.0603858,-0.0364756,-0.00546038,0.0499477
1581135945.527357396,-0.00997709,-0.0616258,4.431e-05,-0.0668891,-0.0401352,-0.0052455,0.0562651
1581135945.533883597,-0.0080792,-0.0558563,-0.000121,-0.0588348,-0.0363675,-0.00461668,0.0537899
1581135945.540473966,-0.00890581,-0.0623497,-0.000107953,-0.0662628,-0.0408768,-0.00485772,0.0618549
1581135945.585366335,-0.00822077,-0.0602562,3.20664e-05,-0.0641949,-0.0445709,-0.00520128,0.0562334
1581135945.593070493,-0.00806001,-0.0574953,8.20302e-06,-0.0610492,-0.0416297,-0.00602448,0.0518976
1581135945.599696028,-0.00846806,-0.0606168,4.35061e-05,-0.0631494,-0.0430976,-0.00641415,0.0556648
1581135945.606262742,-0.00821924,-0.0618721,-2.62724e-05,-0.0640715,-0.0435322,-0.00697497,0.058262
1581135945.616356166,-0.00931659,-0.0613933,9.01523e-05,-0.0631123,-0.0433347,-0.00708661,0.0580994
1581135945.623077460,-0.0118189,-0.0650778,0.000110633,-0.0683045,-0.047792,-0.00731999,0.0591776
1581135945.629805208,-0.0103809,-0.0520622,0,-0.0558816,-0.0402972,-0.00623729,0.0485318
1581135945.636253667,-0.0132554,-0.0625578,-8.96217e-05,-0.0671107,-0.0489994,-0.00523407,0.0592327
1581135945.642976469,-0.0124767,-0.0573854,2.81862e-05,-0.0602603,-0.0436384,-0.00175688,0.0537401
1581135945.649643944,-0.0143978,-0.0636427,-6.20179e-05,-0.066159,-0.0467535,-0.00147965,0.0581849
1581135945.656101502,-0.0150151,-0.0621978,-0.000140163,-0.0646594,-0.0454131,-0.00158562,0.0558028
1581135945.662900578,-0.01469,-0.055865,-6.55936e-05,-0.0597061,-0.0406972,-0.00169571,0.0505249
1581135945.707220216,-0.0142438,-0.0605528,-3.75168e-05,-0.0624864,-0.0422484,-0.00306047,0.0577174
1581135945.713529909,-0.0105211,-0.0682272,4.71278e-05,-0.0685477,-0.0479674,-0.00404442,0.0652104
1581135945.719777287,-0.00839581,-0.0548984,0.000162855,-0.0562555,-0.0392576,-0.00296749,0.0513881
1581135945.762569429,-0.00144928,-0.00994465,7.15188e-06,-0.0103166,-0.00713279,-0.000522199,0.0092708
1581135945.769156312,-0.0538045,-0.381336,-0.000102053,-0.397137,-0.290342,-0.0234647,0.360729
1581135945.775942726,-0.00870904,-0.0591164,0.000220264,-0.0627762,-0.0484995,-0.00338025,0.0578795
1581135945.782694774,-0.00934021,-0.0634832,0.000133691,-0.0648379,-0.0503659,-0.00346693,0.0624939
1581135945.790304379,-0.0090734,-0.060982,-6.06474e-05,-0.0632257,-0.0477971,-0.00369151,0.0581167
1581135945.797232836,-0.00997704,-0.0649399,-0.000140773,-0.0684314,-0.0511035,-0.00427051,0.0596839
1581135945.804856093,-0.00810569,-0.0540713,2.31378e-05,-0.0564622,-0.0410668,-0.00303867,0.0495287
1581135945.811283907,-0.00880201,-0.0617545,-1.75572e-05,-0.0644662,-0.0459003,-0.00287843,0.0604118
1581135945.817934948,-0.00929903,-0.0584305,3.83419e-05,-0.0596672,-0.0429174,-0.00278971,0.0561489
1581135945.824608038,-0.0112252,-0.0616374,5.27432e-05,-0.0650392,-0.0454,-0.00268102,0.0582443
1581135945.830889239,-0.0116944,-0.0569695,-9.62744e-06,-0.0610731,-0.0425084,-0.00261054,0.0511319
1581135945.837765519,-0.0128473,-0.0614981,2.61665e-05,-0.0638094,-0.045005,-0.00320093,0.0551834
1581135945.881175767,-0.0141756,-0.0604046,-2.73334e-05,-0.062766,-0.0445355,-0.00331261,0.0577821
1581135945.888876331,-0.0129326,-0.0568562,0.000162479,-0.0590982,-0.0417611,-0.00348497,0.057896
1581135945.895116954,-0.013317,-0.0623828,-2.66525e-05,-0.0654033,-0.0456419,-0.00305606,0.0594866
1581135945.901908375,-0.0129634,-0.062881,-0.000151681,-0.0650668,-0.0465219,-0.00285498,0.0580275
1581135945.908762629,-0.0129768,-0.0650663,-1.82409e-05,-0.0661158,-0.0484612,-0.00278333,0.0605035
1581135945.914887465,-0.0110637,-0.0552637,3.63593e-05,-0.0560728,-0.0413237,-0.00226364,0.0537728
1581135945.921315503,-0.0134014,-0.0655882,9.45212e-06,-0.068435,-0.0513584,-0.00268595,0.0664583
1581135945.927824572,-0.0111,-0.0552796,4.59127e-05,-0.056464,-0.0424977,-0.00235037,0.0529935
1581135945.933889945,-0.0111019,-0.0582423,-7.61792e-05,-0.0587565,-0.0430062,-0.00192332,0.0530817
1581135945.940651619,-0.0118062,-0.0691451,-4.83362e-05,-0.0706439,-0.0505743,-0.00178881,0.0627054
1581135945.946998281,-0.00896037,-0.0549701,-7.21233e-05,-0.0571426,-0.0407165,-0.00137922,0.0524551
1581135945.987827850,-0.01022,-0.0612848,4.25962e-05,-0.0636199,-0.0449593,-0.00122919,0.0588142
1581135946.031109846,-0.0100537,-0.0603018,-2.72586e-06,-0.0622106,-0.0449268,-0.00221811,0.0571558
1581135946.037861412,-0.00925519,-0.0541688,3.51692e-05,-0.0536151,-0.0405716,-0.00478141,0.0507322
1581135946.044242147,-0.0117789,-0.0642861,-3.58959e-05,-0.0650845,-0.0494337,-0.00550818,0.0616934
1581135946.051277506,-0.011826,-0.0595339,-8.41222e-06,-0.0616298,-0.0480244,-0.00472197,0.060746
1581135946.057864625,-0.0121776,-0.0572119,-4.78579e-05,-0.0594809,-0.0474545,-0.00373372,0.0579012
1581135946.064779587,-0.0132752,-0.0617919,7.06511e-05,-0.0626398,-0.0466919,-0.00312669,0.0594689
1581135946.071139460,-0.0138638,-0.0672685,2.82175e-05,-0.0668547,-0.0475093,-0.00332016,0.0627915
1581135946.077802295,-0.0105753,-0.053845,-0.00011343,-0.0548571,-0.0375964,-0.00239951,0.0523704
1581135946.084215830,-0.0127488,-0.0636623,-6.35136e-05,-0.0678816,-0.0449048,-0.00262234,0.0646786
1581135946.092075639,-0.0110423,-0.0563341,-4.84679e-05,-0.0592744,-0.0397942,-0.00209213,0.0572308
1581135946.098970523,-0.0113231,-0.0607566,6.9299e-05,-0.0619608,-0.0428458,-0.00204457,0.0564422
1581135946.174262736,-0.0116237,-0.0602695,1.43615e-05,-0.0615501,-0.0444594,-0.00194992,0.0576646
1581135946.181056809,-0.0115501,-0.0622499,0,-0.0642782,-0.0479717,-0.00176262,0.0611693
1581135946.188299514,-0.0117934,-0.0661903,-0.00018884,-0.06975,-0.052363,-0.00162406,0.0723656
1581135946.194975300,-0.00919708,-0.0535171,0,-0.0549099,-0.0431407,-0.00123385,0.056386
1581135946.201694676,-0.0104243,-0.0628025,3.53625e-05,-0.0639077,-0.0494286,-0.00146771,0.0617768
1581135946.208287117,-0.0100497,-0.0620186,7.05935e-05,-0.0641186,-0.0488314,-0.00164996,0.0598393
1581135946.214951529,-0.00924851,-0.0561837,7.48776e-05,-0.0574193,-0.0434043,-0.00146964,0.0575317
1581135946.221780306,-0.0100605,-0.0605959,-8.63061e-06,-0.062159,-0.0458308,-0.00143352,0.0637738
1581135946.228193260,-0.0106474,-0.0639294,-0.000108465,-0.0637577,-0.0473762,-0.00122019,0.0643813
1581135946.235018395,-0.0100951,-0.0582535,4.74913e-05,-0.0577027,-0.0418012,-0.00125358,0.0549296
1581135946.241690624,-0.0113625,-0.0619778,6.1179e-05,-0.0631665,-0.0451142,-0.00112751,0.0587264
1581135946.247891157,-0.0112274,-0.0577698,2.89873e-05,-0.0592578,-0.043209,-0.00125607,0.0580694
1581135946.292489382,-0.0113513,-0.0610527,-1.60959e-05,-0.0620506,-0.0464751,-0.00190061,0.0596591
1581135946.298887026,-0.0101803,-0.0577669,0,-0.0581895,-0.0446733,-0.00136175,0.0549589
1581135946.305747136,-0.0110576,-0.0622314,3.47135e-05,-0.0627609,-0.0485075,-0.00139739,0.0583691
1581135946.312697098,-0.0113555,-0.0614581,0,-0.063164,-0.0487955,-0.00183719,0.0607232
1581135946.319942972,-0.0126158,-0.0648334,0,-0.0665225,-0.0532833,-0.00201559,0.0655515
1581135946.326906203,-0.009909,-0.0535471,-3.49482e-05,-0.0535121,-0.0439841,-0.00170393,0.0510829
1581135946.335384202,-0.0119338,-0.0631197,3.49409e-05,-0.0627702,-0.0527113,-0.00242869,0.0580265
1581135946.340142415,-0.0119021,-0.0621642,-1.75059e-05,-0.063075,-0.051595,-0.00243472,0.0580129
1581135946.346775042,-0.011279,-0.0573978,-7.64113e-05,-0.058181,-0.0473394,-0.00253084,0.0583815
1581135946.386083208,-0.0116068,-0.0607518,-1.2054e-05,-0.0611692,-0.0464754,-0.00306742,0.0619059
1581135946.393887945,-0.0101695,-0.0576652,0.00010603,-0.0570943,-0.0450948,-0.00344147,0.0578772
1581135946.450483567,-0.00127066,-0.00765472,6.36747e-06,-0.00778423,-0.00586137,-0.000456459,0.007349
1581135946.457426477,-0.0891273,-0.47003,-0.000150049,-0.475273,-0.362105,-0.019141,0.475073
1581135946.464339224,-0.0140962,-0.0702134,0.000258796,-0.0706965,-0.0574061,0,0.0673148
1581135946.470983227,-0.0110659,-0.0566096,3.71152e-05,-0.0575464,-0.046334,-3.70983e-05,0.0533909
1581135946.478129419,-0.0120257,-0.0601114,-0.000299374,-0.0605648,-0.0489103,-4.27722e-05,0.0619333
1581135946.484894878,-0.0120686,-0.0614701,-3.49518e-05,-0.0595126,-0.0496095,-8.73874e-05,0.0632529
1581135946.492976943,-0.012307,-0.0623301,0.000168171,-0.0595247,-0.0480784,-0.000107012,0.060549
1581135946.499683179,-0.0119531,-0.0606881,0.00015524,-0.059567,-0.0468878,-0.000146605,0.0564709
1581135946.506295844,-0.010761,-0.0537257,1.75892e-05,-0.053207,-0.0410605,-0.000149468,0.0514399
1581135946.512890269,-0.0137197,-0.0663181,-0.000205609,-0.0665237,-0.0503778,-0.000196269,0.0688322
1581135946.519906767,-0.012301,-0.0605963,-0.000178405,-0.0593899,-0.0457789,-0.000127416,0.0628815
1581135946.526879143,-0.0129898,-0.0632688,0.000159172,-0.0621193,-0.0486838,-0.000291815,0.061854
1581135946.569808796,-0.011828,-0.0611716,1.11994e-05,-0.0598205,-0.0473972,-0.000218414,0.0607585
1581135946.576266261,-0.0100822,-0.0600093,-8.48643e-05,-0.0592455,-0.0474847,-0.000203687,0.0610956
1581135946.583105370,-0.00947536,-0.058392,-2.83419e-05,-0.0569655,-0.0470688,-0.000311744,0.0601019
1581135946.591008299,-0.0097375,-0.0618587,-3.75732e-05,-0.0610322,-0.0503826,-0.00024043,0.0612877
1581135946.597860901,-0.0097279,-0.0624514,9.64109e-05,-0.0624514,-0.052443,-0.000315509,0.0602867
1581135946.604754972,-0.00959176,-0.0608929,8.7037e-05,-0.0615457,-0.0518059,-0.000147961,0.061154
1581135946.611086243,-0.00973725,-0.06178,0,-0.0604601,-0.0512421,-0.00025348,0.0636418
1581135946.617922812,-0.00921784,-0.057275,-5.56986e-05,-0.0552792,-0.045419,-0.000287771,0.0584075
1581135946.624860277,-0.0106716,-0.0635952,-4.43078e-05,-0.0625759,-0.0504152,-0.000212729,0.0625404
1581135946.664939680,-0.0108621,-0.0548736,-2.99498e-06,-0.0520922,-0.0423372,-0.000220056,0.0491476
1581135946.671858437,-0.00974374,-0.0387174,1.71753e-05,-0.0332832,-0.0272928,-0.000291887,0.0311714
1581135946.678370390,-0.00924197,-0.0327701,5.181e-05,-0.0257998,-0.0224571,-0.000241848,0.0304639
